idx	time(ms)  	cwnd(bytes)	rtt(ms)   	loss(0-loss)
0	    250.02	      1052	     81.19	1
1	    335.81	      1052	     81.66	1
2	    421.61	      1588	     82.21	1
3	    505.12	      1856	     93.18	1
4	    588.64	      2124	    102.41	1
5	    593.20	      2660	    100.61	1
6	    674.43	      3196	     98.78	1
7	    678.99	      3196	     97.68	1
8	    683.55	      3732	     96.72	1
9	    760.23	      4268	     95.38	1
10	    764.79	      4536	     94.21	1
11	    769.35	      5072	     93.81	1
12	    773.91	      5340	     93.33	1
13	    846.02	      5876	     92.42	1
14	    850.58	      6412	     91.61	1
15	    855.14	      6412	     91.54	1
16	    859.70	      6948	     91.34	1
17	    864.26	      7484	     91.30	1
18	    929.54	      7484	     99.39	1
19	    934.10	      8020	     97.97	1
20	    938.66	      8556	     96.72	1
21	    943.22	      8824	     95.63	1
22	    947.78	      9360	     95.18	1
23	    952.34	      9896	     94.90	1
24	    956.90	     10432	     94.54	1
25	   1015.33	     10700	     93.47	1
26	   1019.89	     10968	     93.04	1
27	   1024.45	     11504	     92.66	1
28	   1029.01	     12040	     92.45	1
29	   1033.57	     12576	     92.77	1
30	   1038.13	     12844	     93.05	1
31	   1042.69	     13112	     93.29	1
32	   1047.25	     13648	     94.13	1
33	   1051.81	     14184	     94.74	1
34	   1056.37	     14720	     95.40	1
35	   1101.12	     14988	     94.22	1
36	   1105.68	     14988	     93.69	1
37	   1110.24	     15524	     93.36	1
38	   1114.81	     15792	     92.94	1
39	   1119.37	     16328	     93.20	1
40	   1123.92	     16864	     93.30	1
41	   1128.48	     17400	     93.51	1
42	   1133.05	     17936	     93.69	1
43	   1137.61	     17936	     94.36	1
44	   1142.16	     18204	     95.06	1
45	   1146.72	     18740	     95.56	1
46	   1151.29	     19276	     96.61	1
47	   1155.85	     19812	     97.53	1
48	   1160.40	     20348	     98.34	1
49	   1184.64	     20884	    102.05	1
50	   1189.20	     21420	    100.29	1
51	   1193.76	     21956	     98.76	1
52	   1198.32	     22492	     97.41	1
53	   1202.88	     22760	     96.23	1
54	   1207.44	     23028	     95.83	1
55	   1212.00	     23564	     95.35	1
56	   1216.56	     23832	     95.06	1
57	   1221.12	     24100	     95.43	1
58	   1225.68	     24636	     95.62	1
59	   1230.24	     25172	     95.80	1
60	   1234.80	     25708	     95.94	1
61	   1239.36	     26244	     96.70	1
62	   1243.92	     26780	     97.24	1
63	   1248.48	     27316	     97.83	1
64	   1253.04	     27852	     98.98	1
65	   1257.60	     28388	     99.86	1
66	   1262.16	     28924	    100.75	1
67	   1266.72	     29460	    102.03	1
68	   1271.28	     29996	    103.15	1
69	   1275.84	     30532	    101.63	1
70	   1280.40	     31068	    100.93	1
71	   1284.96	     31604	    100.19	1
72	   1289.52	     31872	     99.66	1
73	   1294.08	     32408	     99.83	1
74	   1298.64	     32944	     99.85	1
75	   1303.20	     33480	    100.00	1
76	   1307.76	     34016	    100.00	1
77	   1312.32	     34284	    100.62	1
78	   1316.88	     34820	    101.17	1
79	   1321.44	     35356	    101.65	1
80	   1326.00	     35892	    101.94	1
81	   1330.56	     36428	    102.82	1
82	   1335.12	     36696	    103.72	1
83	   1339.68	     37232	    104.38	1
84	   1344.24	     37768	    105.58	1
85	   1348.80	     38304	    106.64	1
86	   1353.36	     38840	    107.56	1
87	   1357.92	     39376	    108.86	1
88	   1362.48	     39912	    110.13	1
89	   1367.04	     40448	    111.24	1
90	   1371.60	     40984	    112.71	1
91	   1376.16	     41520	    113.99	1
92	   1380.72	     41788	    115.62	1
93	   1385.28	     42324	    117.17	1
94	   1389.84	     42860	    118.40	1
95	   1394.40	     43128	    120.10	1
96	   1398.96	     43664	    121.58	1
97	   1403.52	     44200	    122.89	1
98	   1408.08	     44736	    124.65	1
99	   1412.64	     45272	    126.19	1
100	   1417.20	     45808	    127.55	1
101	   1421.76	     46344	    129.23	1
102	   1426.32	     46880	    130.82	1
103	   1430.88	     47416	    132.09	1
104	   1435.44	     47952	    133.21	1
105	   1440.00	     48488	    134.68	1
106	   1444.56	     49024	    136.10	1
107	   1449.12	     49560	    137.34	1
108	   1453.68	     50096	    138.92	1
109	   1458.24	     50632	    140.43	1
110	   1462.80	     51168	    141.62	1
111	   1467.36	     51704	    143.30	1
112	   1471.92	     52240	    144.76	1
113	   1476.48	     52776	    146.04	1
114	   1481.04	     53312	    147.78	1
115	   1485.60	     53848	    149.31	1
116	   1490.16	     54384	    150.65	1
117	   1494.72	     54920	    152.32	1
118	   1499.28	     55456	    153.78	1
119	   1503.84	     55992	    155.06	1
120	   1508.40	     56528	    156.80	1
121	   1512.96	     57064	    158.20	1
122	   1517.52	     57332	    159.55	1
123	   1522.08	     57868	    161.35	1
124	   1526.64	     58404	    162.81	1
125	   1531.20	     58940	    164.21	1
126	   1535.76	     59476	    165.93	1
127	   1540.32	     60012	    167.44	1
128	   1544.88	     60548	    168.64	1
129	   1549.44	     61084	    170.31	1
130	   1554.00	     61620	    171.77	1
131	   1558.56	     62156	    173.05	1
132	   1563.12	     62692	    174.29	1
133	   1567.68	     63228	    175.88	1
134	   1572.24	     63764	    177.27	1
135	   1576.80	     64300	    178.99	1
136	   1581.36	     64836	    180.61	1
137	   1585.92	     65372	    181.91	1
138	   1590.48	     65908	    183.17	1
139	   1595.04	     66444	    184.90	1
140	   1599.60	     66980	    186.29	1
141	   1604.16	     67516	    187.50	1
142	   1608.72	     67784	    189.06	1
143	   1613.28	     68320	    190.56	1
144	   1617.84	     68856	    191.74	1
145	   1622.40	     69392	    193.39	1
146	   1626.96	     69928	    194.84	1
147	   1631.52	     70464	    196.11	1
148	   1636.08	     71000	    197.85	1
149	   1640.64	     71536	    199.37	1
150	   1645.20	     72072	    200.70	1
151	   1649.76	     72340	    202.36	1
152	   1654.32	     72876	    203.94	1
153	   1658.88	     73412	    205.82	1
154	   1663.44	     73948	    207.47	1
155	   1668.00	     74484	    208.79	1
156	   1672.56	     75020	    210.56	1
157	   1677.12	     75556	    212.24	1
158	   1681.68	     76092	    213.59	1
159	   1686.24	     76628	    215.39	1
160	   1690.80	     77164	    216.97	1
161	   1695.36	     77700	    218.34	1
162	   1699.92	     78236	    220.05	1
163	   1704.48	     78772	    221.67	1
164	   1709.04	     79308	    223.09	1
165	   1713.60	     79844	    224.82	1
166	   1718.16	     80380	    226.35	1
167	   1722.72	     80916	    227.68	1
168	   1727.28	     81452	    229.47	1
169	   1731.84	     81988	    230.91	1
170	   1736.40	     82524	    232.30	1
171	   1740.96	     83060	    234.01	1
172	   1745.52	     83328	    235.51	1
173	   1750.08	     83864	    236.94	1
174	   1754.64	     84400	    238.70	1
175	   1759.20	     84936	    240.24	1
176	   1763.76	     85472	    241.58	1
177	   1768.32	     86008	    243.39	1
178	   1772.88	     86544	    244.84	1
179	   1777.44	     86812	    246.11	1
180	   1782.00	     87348	    247.72	1
181	   1786.56	     87884	    249.25	1
182	   1791.12	     88420	    250.60	1
183	   1795.68	     88956	    252.27	1
184	   1800.24	     89492	    253.86	1
185	   1804.80	     90028	    255.13	1
186	   1809.36	     90564	    256.86	1
187	   1813.92	     91100	    258.38	1
188	   1818.48	     91636	    259.71	1
189	   1823.04	     92172	    261.50	1
190	   1827.60	     92708	    263.06	1
191	   1832.16	     92976	    264.43	1
192	   1836.72	     93512	    266.12	1
193	   1841.28	     94048	    267.61	1
194	   1845.84	     94584	    268.91	1
195	   1850.40	     95120	    270.67	1
196	   1854.96	     95656	    272.08	1
197	   1859.52	     96192	    273.45	1
198	   1864.08	     96728	    275.27	1
199	   1868.64	     97264	    276.73	1
200	   1873.20	     97800	    278.14	1
201	   1877.76	     98336	    279.87	1
202	   1882.32	     98872	    281.39	1
203	   1886.88	     99408	    282.59	1
204	   1891.44	     99944	    284.27	1
205	   1896.00	    100480	    285.73	1
206	   1900.56	    100748	    287.02	1
207	   1905.12	    101284	    288.76	1
208	   1909.68	    101820	    290.29	1
209	   1914.24	    102356	    291.63	1
210	   1918.80	    102892	    293.30	1
211	   1923.36	    103428	    294.89	1
212	   1927.92	    103964	    296.15	1
213	   1932.48	    104500	    297.88	1
214	   1937.04	    105036	    299.52	1
215	   1941.60	    105572	    300.83	1
216	   1946.16	    106108	    302.60	1
217	   1950.72	    106644	    304.03	1
218	   1955.28	    107180	    305.40	1
219	   1959.84	    107716	    307.10	1
220	   1964.40	    108252	    308.59	1
221	   1968.96	    108788	    309.89	1
222	   1973.52	    109324	    311.65	1
223	   1978.08	    109860	    313.20	1
224	   1982.64	    110396	    314.55	1
225	   1987.20	    110932	    316.35	1
226	   1991.76	    111468	    317.81	1
227	   1996.32	    112004	    319.21	1
228	   2000.88	    112540	    320.93	1
229	   2005.44	    113076	    322.44	1
230	   2010.00	    113612	    323.63	1
231	   2014.56	    114148	    325.31	1
232	   2019.12	    114684	    326.89	1
233	   2023.68	    115220	    328.16	1
234	   2028.24	    115756	    329.89	1
235	   2032.80	    116292	    331.40	1
236	   2037.36	    116828	    332.73	1
237	   2041.92	    117364	    334.38	1
238	   2046.48	    117900	    335.96	1
239	   2051.04	    118436	    337.34	1
240	   2055.60	    118972	    339.05	1
241	   2060.16	    119508	    340.54	1
242	   2064.72	    120044	    341.85	1
243	   2069.28	    120580	    343.62	1
244	   2073.84	    121116	    345.04	1
245	   2078.40	    121652	    346.41	1
246	   2082.96	    122188	    348.11	1
247	   2087.52	    122724	    349.60	1
248	   2092.08	    123260	    351.02	1
249	   2096.64	    123796	    352.77	1
250	   2101.20	    124332	    354.30	1
251	   2105.76	    124868	    355.63	1
252	   2110.32	    125404	    357.43	1
253	   2114.88	    125940	    358.88	1
254	   2119.44	    126476	    360.14	1
255	   2124.00	    127012	    361.75	1
256	   2128.56	    127548	    363.28	1
257	   2133.12	    128084	    364.62	1
258	   2137.68	    128620	    366.29	1
259	   2142.24	    129156	    367.88	1
260	   2146.80	    129692	    369.15	1
261	   2151.36	    130228	    370.88	1
262	   2155.92	    130764	    372.39	1
263	   2160.48	    131300	    373.72	1
264	   2165.04	    131836	    375.50	1
265	   2169.60	    132372	    377.07	1
266	   2174.16	    132908	    378.43	1
267	   2178.72	    133444	    380.13	1
268	   2185.65	    133980	    380.13	0
269	   3124.96	     66990	    380.13	0
270	   3466.92	     33495	    351.36	1
271	   3471.48	     34031	    326.19	1
272	   3476.04	     34567	    304.29	1
273	   3480.60	     35103	    285.01	1
274	   3485.16	     35639	    268.25	1
275	   3489.72	     36175	    253.47	1
276	   3494.28	     36711	    240.66	1
277	   3498.84	     37247	    229.08	1
278	   3503.40	     37783	    218.95	1
279	   3510.24	     38319	    210.45	1
280	   3514.80	     38855	    203.15	1
281	   3519.36	     39391	    197.13	1
282	   3523.92	     39927	    192.11	1
283	   3528.48	     40463	    187.97	1
284	   3533.04	     40999	    184.73	1
285	   3537.60	     41535	    182.13	1
286	   3542.16	     42071	    180.24	1
287	   3546.72	     42607	    178.71	1
288	   3551.28	     43143	    177.75	1
289	   3555.84	     43679	    177.16	1
290	   3560.40	     44215	    177.01	1
291	   3564.96	     44751	    177.01	1
292	   3569.52	     45287	    177.38	1
293	   3574.08	     45823	    178.09	1
294	   3578.64	     46359	    178.82	1
295	   3583.20	     46895	    179.85	1
296	   3587.76	     47163	    180.99	1
297	   3592.32	     47699	    182.37	1
298	   3596.88	     48235	    183.70	1
299	   3601.44	     48771	    185.23	1
300	   3606.00	     49307	    186.83	1
301	   3610.56	     49843	    188.48	1
302	   3615.12	     50379	    190.29	1
303	   3619.68	     50647	    192.13	1
304	   3624.24	     51183	    194.11	1
305	   3628.80	     51451	    195.97	1
306	   3633.36	     51987	    197.98	1
307	   3637.92	     52523	    199.98	1
308	   3642.48	     53059	    201.98	1
309	   3647.04	     53595	    204.11	1
310	   3651.60	     54131	    206.22	1
311	   3656.16	     54667	    208.44	1
312	   3660.72	     55203	    210.51	1
313	   3665.28	     55739	    212.70	1
314	   3669.84	     56275	    214.86	1
315	   3674.40	     56811	    217.13	1
316	   3678.96	     57347	    219.24	1
317	   3683.52	     57883	    221.46	1
318	   3688.08	     58419	    223.78	1
319	   3692.64	     58955	    225.93	1
320	   3697.20	     59223	    228.19	1
321	   3701.76	     59759	    230.41	1
322	   3706.32	     60295	    232.74	1
323	   3710.88	     60831	    234.90	1
324	   3715.44	     61367	    236.66	1
325	   3720.00	     61903	    238.70	1
326	   3724.56	     62439	    240.49	1
327	   3729.12	     62975	    242.05	1
328	   3733.68	     63511	    243.92	1
329	   3738.24	     64047	    245.68	1
330	   3742.80	     64583	    247.72	1
331	   3747.36	     64851	    249.50	1
332	   3751.92	     65387	    251.07	1
333	   3756.48	     65923	    253.06	1
334	   3761.04	     66459	    254.80	1
335	   3765.60	     66995	    256.33	1
336	   3770.16	     67263	    258.29	1
337	   3774.72	     67799	    259.87	1
338	   3779.28	     68335	    261.01	1
339	   3783.84	     68871	    262.01	1
340	   3788.40	     69407	    262.89	1
341	   3792.96	     69943	    263.65	1
342	   3797.52	     70479	    264.32	1
343	   3802.08	     71015	    264.90	1
344	   3806.64	     71551	    265.42	1
345	   3811.20	     72087	    265.86	1
346	   3815.76	     72623	    266.26	1
347	   3820.32	     73159	    266.60	1
348	   3824.88	     73695	    266.90	1
349	   3829.44	     74231	    267.16	1
350	   3834.00	     74767	    267.39	1
351	   3838.56	     75303	    267.59	1
352	   3843.12	     75839	    267.77	1
353	   3847.68	     76375	    267.92	1
354	   3852.24	     76643	    268.06	1
355	   3856.80	     77179	    268.18	1
356	   3861.36	     77715	    268.28	1
357	   3865.92	     78251	    268.37	1
358	   3870.48	     78519	    268.45	1
359	   3875.04	     79055	    268.64	1
360	   3879.60	     79591	    268.69	1
361	   3884.16	     80127	    268.73	1
362	   3888.72	     80663	    268.76	1
363	   3893.28	     81199	    268.79	1
364	   3897.84	     81735	    268.82	1
365	   3902.40	     82271	    268.84	1
366	   3906.96	     82807	    268.86	1
367	   3911.52	     83075	    268.88	1
368	   3916.08	     83611	    268.89	1
369	   3920.64	     84147	    268.90	1
370	   3925.20	     84415	    268.92	1
371	   3929.76	     84951	    268.93	1
372	   3934.32	     85487	    268.94	1
373	   3938.88	     86023	    268.94	1
374	   3943.44	     86559	    268.95	1
375	   3948.00	     87095	    268.96	1
376	   3952.56	     87631	    268.96	1
377	   3957.12	     88167	    268.97	1
378	   3961.68	     88703	    268.97	1
379	   3966.24	     89239	    268.98	1
380	   3970.80	     89775	    268.98	1
381	   3975.36	     90311	    268.98	1
382	   3979.92	     90847	    268.98	1
383	   3984.48	     91383	    268.99	1
384	   3989.04	     91651	    269.61	1
385	   3993.60	     91919	    270.16	1
386	   3998.16	     92455	    271.26	1
387	   4002.72	     92991	    272.11	1
388	   4007.28	     93527	    272.84	1
389	   4011.84	     94063	    273.99	1
390	   4016.40	     94599	    275.11	1
391	   4020.96	     95135	    275.98	1
392	   4025.52	     95671	    277.35	1
393	   4030.08	     96207	    278.68	1
394	   4034.64	     96743	    279.72	1
395	   4039.20	     97279	    280.76	1
396	   4043.76	     97815	    282.16	1
397	   4048.32	     98351	    283.39	1
398	   4052.88	     98887	    284.34	1
399	   4057.44	     99423	    285.80	1
400	   4062.00	     99959	    287.07	1
401	   4066.56	    100495	    288.19	1
402	   4071.12	    101031	    289.79	1
403	   4075.68	    101567	    291.19	1
404	   4080.24	    102103	    292.42	1
405	   4084.80	    102639	    293.99	1
406	   4089.36	    103175	    295.49	1
407	   4093.92	    103711	    296.68	1
408	   4098.48	    104247	    298.35	1
409	   4103.04	    104783	    299.93	1
410	   4107.60	    105319	    301.19	1
411	   4112.16	    105855	    302.91	1
412	   4116.72	    106391	    304.30	1
413	   4121.28	    106927	    305.64	1
414	   4125.84	    107195	    307.31	1
415	   4130.40	    107731	    308.77	1
416	   4134.96	    107999	    310.05	1
417	   4139.52	    108535	    311.79	1
418	   4144.08	    109071	    313.32	1
419	   4148.64	    109607	    314.65	1
420	   4153.20	    110143	    316.45	1
421	   4157.76	    110679	    317.89	1
422	   4162.32	    111215	    319.28	1
423	   4166.88	    111751	    320.99	1
424	   4171.44	    112287	    322.50	1
425	   4176.00	    112823	    323.68	1
426	   4180.56	    113359	    325.35	1
427	   4185.12	    113895	    326.93	1
428	   4189.68	    114431	    328.19	1
429	   4194.24	    114967	    329.91	1
430	   4198.80	    115503	    331.43	1
431	   4203.36	    115771	    332.75	1
432	   4207.92	    116039	    334.40	1
433	   4212.48	    116575	    335.98	1
434	   4217.04	    117111	    337.36	1
435	   4221.60	    117647	    339.06	1
436	   4226.16	    118183	    340.55	1
437	   4230.72	    118719	    341.86	1
438	   4235.28	    119255	    343.63	1
439	   4239.84	    119791	    345.05	1
440	   4244.40	    120059	    346.42	1
441	   4248.96	    120595	    348.12	1
442	   4253.52	    121131	    349.60	1
443	   4258.08	    121667	    351.02	1
444	   4262.64	    122203	    352.77	1
445	   4267.20	    122739	    354.30	1
446	   4271.76	    123275	    355.64	1
447	   4276.32	    123811	    356.81	1
448	   4280.88	    124347	    358.33	1
449	   4285.44	    124883	    359.67	1
450	   4290.00	    125419	    361.33	1
451	   4294.56	    125955	    362.92	1
452	   4299.12	    126491	    364.30	1
453	   4303.68	    127027	    365.51	1
454	   4308.24	    127563	    367.20	1
455	   4312.80	    128099	    368.55	1
456	   4317.36	    128635	    369.86	1
457	   4321.92	    129171	    371.50	1
458	   4326.48	    129707	    372.94	1
459	   4331.04	    130243	    374.32	1
460	   4335.60	    130779	    376.03	1
461	   4340.16	    131315	    377.52	1
462	   4344.72	    131851	    378.71	1
463	   4349.28	    132387	    380.37	1
464	   4356.21	    132923	    380.37	0
465	   5288.73	     66461	    380.37	0
466	   5628.36	     33230	    351.57	1
467	   5632.92	     33766	    326.38	1
468	   5637.48	     34034	    304.33	1
469	   5642.04	     34570	    285.16	1
470	   5646.60	     35106	    268.27	1
471	   5651.16	     35642	    253.61	1
472	   5655.72	     36178	    240.66	1
473	   5660.28	     36714	    229.45	1
474	   5664.84	     37250	    219.52	1
475	   5669.40	     37786	    210.58	1
476	   5673.96	     38322	    202.76	1
477	   5678.52	     38858	    196.16	1
478	   5683.08	     39394	    190.77	1
479	   5687.64	     39930	    186.30	1
480	   5692.20	     40466	    182.63	1
481	   5696.76	     41002	    179.68	1
482	   5701.32	     41538	    177.47	1
483	   5705.88	     42074	    175.79	1
484	   5710.44	     42342	    174.56	1
485	   5715.00	     42878	    173.74	1
486	   5719.56	     43414	    173.40	1
487	   5724.12	     43950	    173.47	1
488	   5728.68	     44486	    173.66	1
489	   5733.24	     44754	    174.21	1
490	   5737.80	     45290	    174.93	1
491	   5742.36	     45826	    175.81	1
492	   5746.92	     46362	    176.84	1
493	   5751.48	     46898	    178.11	1
494	   5756.04	     47434	    179.59	1
495	   5760.60	     47970	    181.02	1
496	   5765.16	     48506	    182.64	1
497	   5769.72	     49042	    184.31	1
498	   5774.28	     49578	    186.02	1
499	   5778.84	     49846	    187.77	1
500	   5783.40	     50114	    189.67	1
501	   5787.96	     50382	    191.59	1
502	   5792.52	     50918	    193.52	1
503	   5797.08	     51454	    195.58	1
504	   5801.64	     51990	    197.63	1
505	   5806.20	     52526	    199.68	1
506	   5810.76	     53062	    201.72	1
507	   5815.32	     53598	    203.88	1
508	   5819.88	     54134	    206.02	1
509	   5824.44	     54402	    208.14	1
510	   5829.00	     54938	    210.25	1
511	   5833.56	     55474	    212.47	1
512	   5838.12	     56010	    214.78	1
513	   5842.68	     56546	    216.94	1
514	   5847.24	     57082	    219.19	1
515	   5851.80	     57350	    221.42	1
516	   5856.36	     57886	    223.62	1
517	   5860.92	     58422	    225.79	1
518	   5865.48	     58958	    228.07	1
519	   5870.04	     59494	    229.81	1
520	   5874.60	     60030	    231.83	1
521	   5879.16	     60566	    233.73	1
522	   5883.72	     61102	    235.26	1
523	   5888.28	     61370	    236.60	1
524	   5892.84	     61906	    238.28	1
525	   5897.40	     62442	    239.87	1
526	   5901.96	     62978	    241.76	1
527	   5906.52	     63514	    243.41	1
528	   5911.08	     64050	    244.99	1
529	   5915.64	     64586	    246.86	1
530	   5920.20	     65122	    248.51	1
531	   5924.76	     65658	    249.94	1
532	   5929.32	     66194	    251.82	1
533	   5933.88	     66730	    253.35	1
534	   5938.44	     67266	    254.80	1
535	   5943.00	     67802	    255.95	1
536	   5947.56	     68338	    256.96	1
537	   5952.12	     68874	    257.96	1
538	   5956.68	     69410	    258.72	1
539	   5961.24	     69946	    259.50	1
540	   5965.80	     70482	    260.06	1
541	   5968.04	     71018	    260.43	1
