idx	time(ms)  	cwnd(bytes)	rtt(ms)   	loss(0-loss)
0	    250.02	      1052	     81.19	1
1	    335.81	      1588	     81.66	1
2	    419.33	      2124	     92.58	1
3	    423.89	      2660	     92.01	1
4	    505.12	      3196	     91.26	1
5	    509.68	      3464	     91.10	1
6	    514.24	      4000	     91.09	1
7	    590.92	      4536	     90.33	1
8	    595.48	      5072	     89.78	1
9	    600.04	      5608	     89.94	1
10	    604.60	      6144	     89.94	1
11	    676.71	      6680	     89.45	1
12	    681.27	      7216	     89.64	1
13	    685.83	      7752	     89.69	1
14	    690.39	      8288	     89.73	1
15	    694.95	      8824	     90.26	1
16	    699.51	      9360	     90.85	1
17	    762.51	      9896	     90.25	1
18	    767.07	     10432	     90.34	1
19	    771.63	     10700	     90.30	1
20	    776.19	     11236	     90.89	1
21	    780.75	     11772	     91.40	1
22	    785.31	     12308	     91.85	1
23	    789.87	     12844	     92.74	1
24	    794.43	     13380	     93.65	1
25	    798.99	     13916	     94.32	1
26	    846.02	     14452	    100.91	1
27	    850.58	     14988	     99.29	1
28	    855.14	     15524	     97.88	1
29	    859.70	     16060	     96.64	1
30	    864.26	     16596	     96.19	1
31	    868.82	     17132	     95.67	1
32	    873.38	     17668	     95.33	1
33	    877.94	     18204	     95.54	1
34	    882.50	     18740	     95.72	1
35	    887.06	     19276	     96.01	1
36	    891.62	     19812	     96.76	1
37	    896.18	     20348	     97.41	1
38	    900.74	     20884	     97.98	1
39	    905.30	     21420	     99.11	1
40	    931.82	     21956	     97.35	1
41	    936.38	     22492	     96.43	1
42	    940.94	     23028	     95.63	1
43	    945.50	     23564	     94.92	1
44	    950.06	     24100	     94.93	1
45	    954.62	     24636	     94.94	1
46	    959.18	     25172	     94.95	1
47	    963.74	     25708	     95.45	1
48	    968.30	     26244	     96.02	1
49	    972.86	     26780	     96.39	1
50	    977.42	     27316	     97.34	1
51	    981.98	     27852	     98.18	1
52	    986.54	     28388	     98.91	1
53	    991.10	     28924	    100.17	1
54	    995.66	     29460	    101.15	1
55	   1000.22	     29996	    102.13	1
56	   1004.78	     30532	    103.49	1
57	   1009.34	     31068	    104.68	1
58	   1013.90	     31604	    105.72	1
59	   1018.46	     32140	    107.25	1
60	   1023.02	     32676	    108.59	1
61	   1027.58	     33212	    107.02	1
62	   1032.14	     33748	    106.27	1
63	   1036.70	     34284	    105.48	1
64	   1041.26	     34820	    104.92	1
65	   1045.82	     35356	    104.93	1
66	   1050.38	     35892	    104.94	1
67	   1054.94	     36428	    104.82	1
68	   1059.50	     36964	    105.35	1
69	   1064.06	     37500	    105.93	1
70	   1068.62	     38036	    106.31	1
71	   1073.18	     38572	    107.27	1
72	   1077.74	     39108	    108.11	1
73	   1082.30	     39644	    108.85	1
74	   1086.86	     40180	    109.99	1
75	   1091.42	     40716	    111.12	1
76	   1095.98	     41252	    111.98	1
77	   1100.54	     41788	    113.36	1
78	   1105.10	     42324	    114.69	1
79	   1109.66	     42860	    116.35	1
80	   1114.22	     43396	    117.81	1
81	   1118.78	     43932	    118.96	1
82	   1123.34	     44468	    120.59	1
83	   1127.90	     45004	    122.01	1
84	   1132.46	     45540	    123.26	1
85	   1137.02	     46076	    124.98	1
86	   1141.58	     46612	    126.48	1
87	   1146.14	     47148	    127.80	1
88	   1150.70	     47684	    129.45	1
89	   1155.26	     48220	    131.02	1
90	   1159.82	     48756	    132.26	1
91	   1164.38	     49292	    133.98	1
92	   1168.94	     49828	    135.36	1
93	   1173.50	     50364	    136.69	1
94	   1178.06	     50900	    138.48	1
95	   1182.62	     51436	    139.92	1
96	   1187.18	     51972	    141.30	1
97	   1191.74	     52508	    143.01	1
98	   1196.30	     53044	    144.51	1
99	   1200.86	     53580	    145.82	1
100	   1205.42	     54116	    147.60	1
101	   1209.98	     54652	    149.02	1
102	   1214.54	     55188	    150.39	1
103	   1219.10	     55724	    152.22	1
104	   1223.66	     56260	    153.69	1
105	   1228.22	     56796	    154.98	1
106	   1232.78	     57332	    156.61	1
107	   1237.34	     57868	    158.16	1
108	   1241.90	     58404	    159.39	1
109	   1246.46	     58940	    161.09	1
110	   1251.02	     59476	    162.70	1
111	   1255.58	     60012	    163.99	1
112	   1260.14	     60548	    165.74	1
113	   1264.70	     61084	    167.27	1
114	   1269.26	     61620	    168.61	1
115	   1273.82	     62156	    170.29	1
116	   1278.38	     62692	    171.88	1
117	   1282.94	     63228	    173.14	1
118	   1287.50	     63764	    174.87	1
119	   1292.06	     64300	    176.39	1
120	   1296.62	     64836	    178.22	1
121	   1301.18	     65372	    179.94	1
122	   1305.74	     65908	    181.32	1
123	   1310.30	     66444	    183.16	1
124	   1314.86	     66980	    184.76	1
125	   1319.42	     67516	    186.17	1
126	   1323.98	     68052	    187.90	1
127	   1328.54	     68588	    189.53	1
128	   1333.10	     69124	    190.97	1
129	   1337.66	     69660	    192.72	1
130	   1342.22	     70196	    194.26	1
131	   1346.78	     70732	    195.60	1
132	   1351.34	     71268	    197.40	1
133	   1355.90	     71804	    198.85	1
134	   1360.46	     72340	    200.24	1
135	   1365.02	     72876	    202.09	1
136	   1369.58	     73412	    203.58	1
137	   1374.14	     73948	    205.00	1
138	   1378.70	     74484	    206.75	1
139	   1383.26	     75020	    208.28	1
140	   1387.82	     75556	    209.62	1
141	   1392.38	     76092	    211.42	1
142	   1396.94	     76628	    212.87	1
143	   1401.50	     77164	    214.13	1
144	   1406.06	     77700	    215.87	1
145	   1410.62	     78236	    217.38	1
146	   1415.18	     78772	    218.71	1
147	   1419.74	     79308	    220.37	1
148	   1424.30	     79844	    221.95	1
149	   1428.86	     80380	    223.21	1
150	   1433.42	     80916	    224.93	1
151	   1437.98	     81452	    226.44	1
152	   1442.54	     81988	    227.76	1
153	   1447.10	     82524	    229.54	1
154	   1451.66	     83060	    231.10	1
155	   1456.22	     83596	    232.46	1
156	   1460.78	     84132	    234.15	1
157	   1465.34	     84668	    235.63	1
158	   1469.90	     85204	    237.43	1
159	   1474.46	     85740	    239.12	1
160	   1479.02	     86276	    240.61	1
161	   1483.58	     86812	    242.41	1
162	   1488.14	     87348	    244.11	1
163	   1492.70	     87884	    245.47	1
164	   1497.26	     88420	    247.28	1
165	   1501.82	     88956	    248.87	1
166	   1506.38	     89492	    250.26	1
167	   1510.94	     90028	    251.98	1
168	   1515.50	     90564	    253.48	1
169	   1520.06	     91100	    254.92	1
170	   1524.62	     91636	    256.68	1
171	   1529.18	     92172	    258.22	1
172	   1533.74	     92708	    259.57	1
173	   1538.30	     93244	    261.37	1
174	   1542.86	     93780	    262.83	1
175	   1547.42	     94316	    264.22	1
176	   1551.98	     94852	    265.94	1
177	   1556.54	     95388	    267.45	1
178	   1561.10	     95924	    268.89	1
179	   1565.66	     96460	    270.66	1
180	   1570.22	     96996	    272.20	1
181	   1574.78	     97532	    273.43	1
182	   1579.34	     98068	    275.12	1
183	   1583.90	     98604	    276.61	1
184	   1588.46	     99140	    277.91	1
185	   1593.02	     99676	    279.67	1
186	   1597.58	    100212	    281.21	1
187	   1602.14	    100748	    282.56	1
188	   1606.70	    101284	    284.24	1
189	   1611.26	    101820	    285.83	1
190	   1615.82	    102356	    287.10	1
191	   1620.38	    102892	    288.84	1
192	   1624.94	    103428	    290.36	1
193	   1629.50	    103964	    291.69	1
194	   1634.06	    104500	    293.48	1
195	   1638.62	    105036	    294.92	1
196	   1643.18	    105572	    296.80	1
197	   1647.74	    106108	    298.45	1
198	   1652.30	    106644	    299.90	1
199	   1656.86	    107180	    301.66	1
200	   1661.42	    107716	    303.33	1
201	   1665.98	    108252	    304.66	1
202	   1670.54	    108788	    306.45	1
203	   1675.10	    109324	    308.15	1
204	   1679.66	    109860	    309.50	1
205	   1684.22	    110396	    311.31	1
206	   1688.78	    110932	    312.78	1
207	   1693.34	    111468	    314.18	1
208	   1697.90	    112004	    315.91	1
209	   1702.46	    112540	    317.42	1
210	   1707.02	    113076	    318.87	1
211	   1711.58	    113612	    320.63	1
212	   1716.14	    114148	    322.18	1
213	   1720.70	    114684	    323.53	1
214	   1725.26	    115220	    325.34	1
215	   1729.82	    115756	    326.80	1
216	   1734.38	    116292	    328.20	1
217	   1738.94	    116828	    329.92	1
218	   1743.50	    117364	    331.43	1
219	   1748.06	    117900	    332.75	1
220	   1752.62	    118436	    334.41	1
221	   1757.18	    118972	    335.98	1
222	   1761.74	    119508	    337.24	1
223	   1766.30	    120044	    338.95	1
224	   1770.86	    120580	    340.46	1
225	   1775.42	    121116	    341.78	1
226	   1779.98	    121652	    343.43	1
227	   1784.54	    122188	    345.00	1
228	   1789.10	    122724	    346.38	1
229	   1793.66	    123260	    348.08	1
230	   1798.22	    123796	    349.69	1
231	   1802.78	    124332	    350.98	1
232	   1807.34	    124868	    352.74	1
233	   1811.90	    125404	    354.14	1
234	   1816.46	    125940	    355.50	1
235	   1821.02	    126476	    357.31	1
236	   1825.58	    127012	    358.77	1
237	   1830.14	    127548	    360.68	1
238	   1834.70	    128084	    362.34	1
239	   1839.26	    128620	    363.80	1
240	   1843.82	    129156	    365.57	1
241	   1848.38	    129692	    367.25	1
242	   1852.94	    130228	    368.60	1
243	   1857.50	    130764	    370.40	1
244	   1862.06	    131300	    371.97	1
245	   1866.62	    131836	    373.35	1
246	   1871.18	    132372	    375.18	1
247	   1875.74	    132908	    376.66	1
248	   1880.30	    133444	    378.08	1
249	   1884.86	    133980	    379.82	1
250	   1891.79	    134516	    379.82	0
251	   2833.38	     67258	    379.82	0
252	   3177.61	     33629	    351.46	1
253	   3182.18	     34165	    326.66	1
254	   3186.74	     34701	    304.82	1
255	   3191.30	     35237	    285.85	1
256	   3195.86	     35773	    269.12	1
257	   3200.41	     36309	    254.60	1
258	   3204.97	     36845	    241.78	1
259	   3209.53	     37381	    230.30	1
260	   3214.09	     37917	    220.39	1
261	   3218.66	     38453	    211.84	1
262	   3223.22	     38989	    204.74	1
263	   3227.78	     39525	    198.77	1
264	   3232.34	     40061	    193.92	1
265	   3236.89	     40597	    189.81	1
266	   3241.45	     41133	    186.58	1
267	   3246.01	     41669	    184.13	1
268	   3250.57	     42205	    182.24	1
269	   3255.14	     42741	    180.84	1
270	   3259.70	     43277	    179.86	1
271	   3264.26	     43813	    179.38	1
272	   3268.82	     44349	    179.08	1
273	   3273.38	     44885	    179.19	1
274	   3277.93	     45421	    179.54	1
275	   3282.49	     45957	    180.23	1
276	   3287.05	     46493	    181.07	1
277	   3291.61	     47029	    182.06	1
278	   3296.18	     47565	    183.31	1
279	   3300.74	     48101	    184.52	1
280	   3305.30	     48637	    185.95	1
281	   3309.86	     49173	    187.46	1
282	   3314.41	     49709	    189.15	1
283	   3318.97	     50245	    190.76	1
284	   3323.53	     50781	    192.54	1
285	   3328.09	     51317	    194.47	1
286	   3332.66	     51853	    196.29	1
287	   3337.22	     52389	    198.25	1
288	   3341.78	     52925	    200.22	1
289	   3346.34	     53461	    202.32	1
290	   3350.89	     53997	    204.28	1
291	   3355.45	     54533	    206.37	1
292	   3360.01	     55069	    208.57	1
293	   3364.57	     55605	    210.75	1
294	   3369.14	     56141	    212.91	1
295	   3373.70	     56677	    215.04	1
296	   3378.26	     57213	    217.29	1
297	   3382.82	     57749	    219.38	1
298	   3387.38	     58285	    221.58	1
299	   3391.93	     58821	    223.76	1
300	   3396.49	     59357	    226.04	1
301	   3401.05	     59893	    228.28	1
302	   3405.61	     60429	    230.50	1
303	   3410.18	     60965	    232.81	1
304	   3414.74	     61501	    234.96	1
305	   3419.30	     62037	    237.21	1
306	   3423.86	     62573	    239.44	1
307	   3428.41	     63109	    241.76	1
308	   3432.97	     63645	    243.41	1
309	   3437.53	     64181	    245.49	1
310	   3442.09	     64717	    247.30	1
311	   3446.66	     65253	    248.89	1
312	   3451.22	     65789	    250.90	1
313	   3455.78	     66325	    252.54	1
314	   3460.34	     66861	    254.10	1
315	   3464.89	     67397	    255.96	1
316	   3469.45	     67933	    257.59	1
317	   3474.01	     68469	    259.14	1
318	   3478.57	     69005	    261.00	1
319	   3483.14	     69541	    262.62	1
320	   3487.70	     70077	    263.92	1
321	   3492.26	     70613	    265.18	1
322	   3496.82	     71149	    266.16	1
323	   3501.38	     71685	    267.14	1
324	   3505.93	     72221	    267.87	1
325	   3510.49	     72757	    268.64	1
326	   3515.05	     73293	    269.31	1
327	   3519.61	     73829	    269.77	1
328	   3524.18	     74365	    270.30	1
329	   3528.74	     74901	    270.63	1
330	   3533.30	     75437	    271.06	1
331	   3537.86	     75973	    271.30	1
332	   3542.41	     76509	    271.64	1
333	   3546.97	     77045	    271.81	1
334	   3551.53	     77581	    272.58	1
335	   3556.09	     78117	    273.38	1
336	   3560.66	     78653	    273.96	1
337	   3565.22	     79189	    274.46	1
338	   3569.78	     79725	    274.91	1
339	   3574.34	     80261	    275.29	1
340	   3578.89	     80797	    275.63	1
341	   3583.45	     81333	    275.93	1
342	   3588.01	     81869	    276.31	1
343	   3592.57	     82405	    276.52	1
344	   3597.14	     82941	    276.83	1
345	   3601.70	     83477	    276.98	1
346	   3606.26	     84013	    277.11	1
347	   3610.82	     84549	    277.22	1
348	   3615.38	     85085	    277.31	1
349	   3619.93	     85621	    277.40	1
350	   3624.49	     86157	    277.48	1
351	   3629.05	     86693	    277.67	1
352	   3633.61	     87229	    277.71	1
353	   3638.18	     87765	    277.74	1
354	   3642.74	     88301	    277.78	1
355	   3647.30	     88837	    277.80	1
356	   3651.86	     89373	    277.83	1
357	   3656.41	     89909	    277.85	1
358	   3660.97	     90445	    277.87	1
359	   3665.53	     90981	    277.88	1
360	   3670.09	     91517	    278.02	1
361	   3674.66	     92053	    278.02	1
362	   3679.22	     92589	    278.02	1
363	   3683.78	     93125	    278.02	1
364	   3688.34	     93661	    278.01	1
365	   3692.89	     94197	    278.01	1
366	   3697.45	     94733	    278.01	1
367	   3702.01	     95269	    278.13	1
368	   3706.57	     95805	    278.12	1
369	   3711.14	     96341	    278.73	1
370	   3715.70	     96877	    279.26	1
371	   3720.26	     97413	    279.73	1
372	   3724.82	     97949	    280.64	1
373	   3729.38	     98485	    281.43	1
374	   3733.93	     99021	    282.13	1
375	   3738.49	     99557	    283.36	1
376	   3743.05	    100093	    284.44	1
377	   3747.61	    100629	    285.39	1
378	   3752.18	    101165	    286.84	1
379	   3756.74	    101701	    287.98	1
380	   3761.30	    102237	    289.11	1
381	   3765.86	    102773	    290.60	1
382	   3770.41	    103309	    291.90	1
383	   3774.97	    103845	    292.91	1
384	   3779.53	    104381	    294.42	1
385	   3784.09	    104917	    295.87	1
386	   3788.66	    105453	    297.01	1
387	   3793.22	    105989	    298.63	1
388	   3797.78	    106525	    300.05	1
389	   3802.34	    107061	    301.30	1
390	   3806.89	    107597	    302.88	1
391	   3811.45	    108133	    304.40	1
392	   3816.01	    108669	    305.72	1
393	   3820.57	    109205	    307.38	1
394	   3825.14	    109741	    308.96	1
395	   3829.70	    110277	    310.84	1
396	   3834.26	    110813	    312.49	1
397	   3838.82	    111349	    313.80	1
398	   3843.38	    111885	    315.57	1
399	   3847.93	    112421	    317.13	1
400	   3852.49	    112957	    318.49	1
401	   3857.05	    113493	    320.30	1
402	   3861.61	    114029	    321.89	1
403	   3866.18	    114565	    323.28	1
404	   3870.74	    115101	    324.99	1
405	   3875.30	    115637	    326.62	1
406	   3879.86	    116173	    327.92	1
407	   3884.41	    116709	    329.68	1
408	   3888.97	    117245	    331.22	1
409	   3893.53	    117781	    332.56	1
410	   3898.09	    118317	    334.37	1
411	   3902.66	    118853	    335.82	1
412	   3907.22	    119389	    337.22	1
413	   3911.78	    119925	    338.94	1
414	   3916.34	    120461	    340.45	1
415	   3920.89	    120997	    341.77	1
416	   3925.45	    121533	    343.55	1
417	   3930.01	    122069	    345.10	1
418	   3934.57	    122605	    346.47	1
419	   3939.14	    123141	    348.28	1
420	   3943.70	    123677	    349.75	1
421	   3948.26	    124213	    351.03	1
422	   3952.82	    124749	    352.65	1
423	   3957.38	    125285	    354.19	1
424	   3961.93	    125821	    355.42	1
425	   3966.49	    126357	    357.12	1
426	   3971.05	    126893	    358.73	1
427	   3975.61	    127429	    360.01	1
428	   3980.18	    127965	    361.76	1
429	   3984.74	    128501	    363.29	1
430	   3989.30	    129037	    364.63	1
431	   3993.86	    129573	    366.30	1
432	   3998.41	    130109	    367.89	1
433	   4002.97	    130645	    369.15	1
434	   4007.53	    131181	    370.88	1
435	   4012.09	    131717	    372.40	1
436	   4016.66	    132253	    374.22	1
437	   4021.22	    132789	    375.94	1
438	   4025.78	    133325	    377.33	1
439	   4030.34	    133861	    379.16	1
440	   4037.26	    134397	    379.16	0
441	   4978.86	     67198	    379.16	0
442	   5323.09	     33599	    350.89	1
443	   5327.65	     34135	    326.03	1
444	   5332.21	     34671	    304.40	1
445	   5336.77	     35207	    285.35	1
446	   5341.33	     35743	    268.81	1
447	   5345.89	     36279	    254.21	1
448	   5350.45	     36815	    241.56	1
449	   5355.01	     37351	    230.24	1
450	   5359.57	     37887	    220.21	1
451	   5364.13	     38423	    211.81	1
452	   5368.69	     38691	    204.70	1
453	   5373.25	     39227	    198.74	1
454	   5377.81	     39763	    193.77	1
455	   5382.37	     40299	    189.80	1
456	   5386.93	     40835	    186.58	1
457	   5391.49	     41371	    184.00	1
458	   5396.05	     41907	    182.13	1
459	   5400.61	     42443	    180.74	1
460	   5405.17	     42979	    179.77	1
461	   5409.73	     43515	    179.17	1
462	   5414.29	     44051	    179.03	1
463	   5418.85	     44587	    179.15	1
464	   5423.41	     45123	    179.50	1
465	   5427.97	     45659	    180.07	1
466	   5432.53	     46195	    180.93	1
467	   5437.09	     46731	    182.07	1
468	   5441.65	     47267	    183.18	1
469	   5446.21	     47803	    184.53	1
470	   5450.77	     48339	    185.97	1
471	   5455.33	     48875	    187.47	1
472	   5459.89	     49411	    189.04	1
473	   5464.45	     49947	    190.78	1
474	   5469.01	     50483	    192.69	1
475	   5473.57	     51019	    194.47	1
476	   5478.13	     51555	    196.41	1
477	   5482.69	     52091	    198.36	1
478	   5487.25	     52627	    200.32	1
479	   5491.81	     53163	    202.28	1
480	   5496.37	     53699	    204.37	1
481	   5500.93	     54235	    206.45	1
482	   5505.49	     54771	    208.52	1
483	   5510.05	     55307	    210.70	1
484	   5514.61	     55843	    212.86	1
485	   5519.17	     56379	    215.01	1
486	   5523.73	     56915	    217.13	1
487	   5528.29	     57451	    219.36	1
488	   5532.85	     57987	    221.57	1
489	   5537.41	     58523	    223.75	1
490	   5541.97	     59059	    225.90	1
491	   5546.53	     59595	    228.17	1
492	   5551.09	     60131	    230.52	1
493	   5555.65	     60667	    232.71	1
494	   5560.21	     61203	    234.99	1
495	   5564.77	     61739	    237.24	1
496	   5569.33	     62275	    239.46	1
497	   5573.89	     62811	    241.65	1
498	   5578.45	     63347	    243.32	1
499	   5583.01	     63883	    245.41	1
500	   5587.57	     64419	    247.23	1
501	   5592.13	     64955	    248.83	1
502	   5596.69	     65491	    250.72	1
503	   5601.25	     66027	    252.51	1
504	   5605.81	     66563	    253.94	1
505	   5610.37	     67099	    255.83	1
506	   5614.93	     67635	    257.47	1
507	   5619.49	     68171	    258.91	1
508	   5624.05	     68707	    260.80	1
509	   5628.61	     69243	    262.32	1
510	   5633.17	     69779	    263.78	1
511	   5637.73	     70315	    264.94	1
512	   5642.29	     70851	    266.07	1
513	   5646.85	     71387	    266.94	1
514	   5651.41	     71923	    267.82	1
515	   5655.97	     72459	    268.47	1
516	   5660.53	     72995	    269.16	1
517	   5665.09	     73531	    269.76	1
518	   5669.65	     74067	    270.17	1
519	   5674.21	     74603	    270.65	1
520	   5678.77	     75139	    270.94	1
521	   5683.33	     75675	    271.32	1
522	   5687.89	     76211	    271.53	1
523	   5692.45	     76747	    271.84	1
524	   5697.01	     77283	    272.11	1
525	   5701.57	     77819	    272.35	1
526	   5706.13	     78355	    272.55	1
527	   5710.69	     78891	    272.61	1
528	   5715.25	     79427	    272.78	1
529	   5719.81	     79963	    272.81	1
530	   5724.37	     80499	    272.96	1
531	   5728.93	     81035	    272.96	1
532	   5733.49	     81571	    273.09	1
533	   5738.05	     82107	    273.21	1
534	   5742.61	     82643	    273.18	1
535	   5747.17	     83179	    273.28	1
536	   5751.73	     83715	    273.25	1
537	   5756.29	     84251	    273.34	1
538	   5760.85	     84787	    273.30	1
539	   5765.41	     85323	    273.89	1
540	   5769.97	     85859	    274.40	1
541	   5774.53	     86395	    274.85	1
542	   5779.09	     86931	    275.37	1
543	   5781.34	     87467	    275.45	1
