idx	time(ms)  	cwnd(bytes)	rtt(ms)   	loss(0-loss)
0	    250.02	      1052	     81.19	1
1	    533.53	       536	    106.41	1
2	    619.33	      1072	    103.86	1
3	    705.12	      1608	    101.63	1
4	    788.64	      2144	    110.05	1
5	    793.20	      2412	    107.29	1
6	    874.43	      2948	    104.63	1
7	    878.99	      3484	    102.18	1
8	    957.95	      2948	    109.91	1
9	    962.51	      3484	    107.17	1
10	   1041.46	      4020	    114.15	1
11	   1046.02	      4556	    111.00	1
12	   1050.58	      5092	    108.13	1
13	   1124.98	      5628	    114.86	1
14	   1129.54	      6164	    111.50	1
15	   1134.10	      6700	    108.57	1
16	   1138.66	      7236	    106.50	1
17	   1143.22	      7772	    104.81	1
18	   1210.77	      8308	    102.46	1
19	   1215.33	      8844	    101.03	1
20	   1219.89	      9380	     99.65	1
21	   1224.45	      9916	     98.44	1
22	   1229.01	     10452	     98.01	1
23	   1233.57	     10988	     97.63	1
24	   1238.13	     11524	     97.93	1
25	   1242.69	     12060	     98.06	1
26	   1296.57	     12596	     96.56	1
27	   1301.12	     13132	     95.86	1
28	   1305.68	     13668	     95.13	1
29	   1310.24	     14204	     94.61	1
30	   1314.81	     13668	     94.66	1
31	   1319.37	     14204	     94.70	1
32	   1323.92	     14740	     94.61	1
33	   1328.48	     15276	     95.16	1
34	   1333.05	     15812	     95.77	1
35	   1337.61	     16348	     96.17	1
36	   1342.16	     16884	     97.15	1
37	   1346.72	     16616	     98.01	1
38	   1382.36	     17152	     96.50	1
39	   1386.92	     17688	     95.69	1
40	   1391.48	     18224	     94.98	1
41	   1396.04	     18760	     94.48	1
42	   1400.60	     19296	     94.55	1
43	   1405.16	     19832	     94.10	1
44	   1409.72	     20368	     94.22	1
45	   1414.28	     20904	     94.31	1
46	   1418.84	     21440	     94.40	1
47	   1423.40	     21976	     95.10	1
48	   1427.96	     22512	     95.59	1
49	   1432.52	     22780	     96.01	1
50	   1437.08	     22780	     97.01	1
51	   1441.64	     23316	     97.89	1
52	   1446.20	     23316	     98.65	1
53	   1450.76	     23048	     99.32	1
54	   1465.87	     23584	    101.78	1
55	   1470.43	     24120	    100.06	1
56	   1474.99	     24656	     98.55	1
57	   1479.55	     25192	     97.86	1
58	   1484.11	     25728	     97.25	1
59	   1488.67	     26264	     96.59	1
60	   1493.23	     26800	     96.64	1
61	   1497.79	     27336	     96.69	1
62	   1502.35	     27872	     96.73	1
63	   1506.91	     28408	     97.26	1
64	   1511.47	     28944	     97.85	1
65	   1516.03	     29480	     98.37	1
66	   1520.59	     30016	     99.33	1
67	   1525.15	     30552	    100.28	1
68	   1529.71	     31088	    101.00	1
69	   1534.27	     31624	    102.25	1
70	   1538.83	     32160	    103.34	1
71	   1543.39	     32696	    104.30	1
72	   1547.95	     33232	    105.01	1
73	   1552.51	     33768	    106.26	1
74	   1557.07	     34304	    107.48	1
75	   1561.63	     34840	    107.92	1
76	   1566.19	     35376	    108.93	1
77	   1570.75	     35912	    108.44	1
78	   1575.31	     36448	    108.01	1
79	   1579.87	     36984	    108.13	1
80	   1584.43	     37520	    108.36	1
81	   1588.99	     38056	    108.44	1
82	   1593.55	     38592	    109.14	1
83	   1598.11	     39128	    109.75	1
84	   1602.67	     39664	    110.28	1
85	   1607.23	     40200	    111.37	1
86	   1611.79	     40736	    112.20	1
87	   1616.35	     41272	    113.05	1
88	   1620.91	     41808	    114.29	1
89	   1625.47	     41540	    115.38	1
90	   1630.03	     42076	    116.96	1
91	   1634.59	     42612	    118.34	1
92	   1639.15	     42612	    119.55	1
93	   1643.71	     43148	    121.10	1
94	   1648.27	     43684	    122.46	1
95	   1652.83	     44220	    123.66	1
96	   1657.39	     43952	    125.32	1
97	   1661.95	     44488	    126.66	1
98	   1666.51	     45024	    127.95	1
99	   1671.07	     45560	    129.71	1
100	   1675.63	     46096	    131.12	1
101	   1680.19	     46632	    132.48	1
102	   1684.75	     46632	    134.17	1
103	   1689.31	     47168	    135.65	1
104	   1693.87	     47704	    136.94	1
105	   1698.43	     48240	    138.70	1
106	   1702.99	     48776	    140.11	1
107	   1707.55	     49312	    141.35	1
108	   1712.11	     49848	    143.05	1
109	   1716.67	     50116	    144.55	1
110	   1721.23	     50652	    145.85	1
111	   1725.79	     51188	    147.50	1
112	   1730.35	     51724	    149.06	1
113	   1734.91	     52260	    150.30	1
114	   1739.47	     52796	    152.01	1
115	   1744.03	     53332	    153.64	1
116	   1748.59	     53868	    154.93	1
117	   1753.15	     54404	    156.69	1
118	   1757.71	     54940	    158.23	1
119	   1762.27	     55476	    159.58	1
120	   1766.83	     56012	    161.25	1
121	   1771.39	     56548	    162.72	1
122	   1775.95	     57084	    164.01	1
123	   1780.51	     57084	    165.76	1
124	   1785.07	     57620	    167.29	1
125	   1789.63	     58156	    168.62	1
126	   1794.19	     58692	    170.42	1
127	   1798.75	     59228	    171.87	1
128	   1803.31	     59764	    173.76	1
129	   1807.87	     60300	    174.79	1
130	   1812.43	     60836	    176.32	1
131	   1816.99	     61372	    177.53	1
132	   1821.55	     61908	    178.71	1
133	   1826.11	     62444	    179.75	1
134	   1830.67	     62980	    181.15	1
135	   1835.23	     63516	    182.51	1
136	   1839.79	     64052	    183.57	1
137	   1844.35	     64588	    185.12	1
138	   1848.91	     65124	    186.48	1
139	   1853.47	     65660	    187.67	1
140	   1858.03	     66196	    188.84	1
141	   1862.59	     66732	    190.36	1
142	   1867.15	     67268	    191.69	1
143	   1871.71	     67804	    192.73	1
144	   1876.27	     68340	    194.26	1
145	   1880.83	     68876	    195.60	1
146	   1885.39	     69412	    196.78	1
147	   1889.95	     69948	    197.81	1
148	   1894.51	     70484	    199.33	1
149	   1899.07	     69948	    200.66	1
150	   1903.63	     70484	    201.83	1
151	   1908.19	     71020	    203.48	1
152	   1912.75	     71556	    204.79	1
153	   1917.31	     72092	    206.07	1
154	   1921.87	     72628	    207.69	1
155	   1926.43	     72628	    209.10	1
156	   1930.99	     72092	    210.21	1
157	   1935.55	     72628	    211.81	1
158	   1940.11	     73164	    213.33	1
159	   1944.67	     73700	    214.54	1
160	   1949.23	     74236	    216.22	1
161	   1953.79	     74772	    217.70	1
162	   1958.35	     75308	    218.98	1
163	   1962.91	     75844	    220.61	1
164	   1967.47	     76380	    222.16	1
165	   1972.03	     76916	    223.51	1
166	   1976.59	     77452	    225.20	1
167	   1981.15	     77988	    226.68	1
168	   1985.71	     78524	    227.97	1
169	   1990.27	     79060	    229.72	1
170	   1994.83	     79596	    231.13	1
171	   1999.39	     80132	    232.49	1
172	   2003.95	     80668	    234.18	1
173	   2008.51	     81204	    235.66	1
174	   2013.07	     81740	    237.07	1
175	   2017.63	     82276	    238.81	1
176	   2022.19	     82812	    240.34	1
177	   2026.75	     82812	    241.67	1
178	   2031.31	     83348	    242.84	1
179	   2035.87	     83884	    244.36	1
180	   2040.43	     84420	    245.69	1
181	   2044.99	     84956	    246.85	1
182	   2049.55	     84956	    248.50	1
183	   2054.11	     85492	    249.93	1
184	   2058.67	     86028	    251.19	1
185	   2063.23	     86564	    252.92	1
186	   2067.79	     87100	    254.30	1
187	   2072.35	     87636	    255.64	1
188	   2076.91	     87636	    257.31	1
189	   2081.47	     88172	    258.77	1
190	   2086.03	     88708	    260.17	1
191	   2090.59	     89244	    261.90	1
192	   2095.15	     89780	    263.42	1
193	   2099.71	     90316	    265.24	1
194	   2104.27	     90852	    266.83	1
195	   2108.83	     91388	    268.23	1
196	   2113.39	     91924	    270.07	1
197	   2117.95	     92460	    271.57	1
198	   2122.51	     92996	    273.00	1
199	   2127.07	     93532	    274.87	1
200	   2131.63	     94068	    276.39	1
201	   2136.19	     94604	    277.84	1
202	   2140.75	     95140	    279.61	1
203	   2145.31	     95676	    281.16	1
204	   2149.87	     96212	    282.39	1
205	   2154.43	     96748	    284.09	1
206	   2158.99	     97284	    285.58	1
207	   2163.55	     97820	    286.88	1
208	   2168.11	     98356	    288.64	1
209	   2172.67	     98892	    290.19	1
210	   2177.23	     99160	    291.54	1
211	   2181.79	     99696	    293.22	1
212	   2186.35	    100232	    294.82	1
213	   2190.91	    100768	    296.09	1
214	   2195.47	    101304	    297.83	1
215	   2200.03	    101840	    299.48	1
216	   2204.59	    102376	    300.79	1
217	   2209.15	    102912	    301.94	1
218	   2213.71	    103448	    302.95	1
219	   2218.27	    103984	    304.46	1
220	   2222.83	    104252	    305.65	1
221	   2227.39	    104788	    306.82	1
222	   2231.95	    105324	    308.34	1
223	   2236.51	    105324	    309.67	1
224	   2241.07	    105860	    310.96	1
225	   2245.63	    106396	    311.97	1
226	   2250.19	    106932	    312.97	1
227	   2254.75	    107468	    313.73	1
228	   2259.31	    108004	    315.01	1
229	   2263.87	    108540	    316.01	1
230	   2268.43	    109076	    317.01	1
231	   2272.99	    109612	    318.38	1
232	   2277.55	    110148	    319.58	1
233	   2282.11	    110684	    320.76	1
234	   2286.67	    111220	    322.29	1
235	   2291.23	    111756	    323.63	1
236	   2295.79	    112292	    324.80	1
237	   2300.35	    112828	    326.45	1
238	   2304.91	    113364	    327.77	1
239	   2309.47	    113900	    329.55	1
240	   2314.03	    114436	    331.10	1
241	   2318.59	    113900	    332.47	1
242	   2323.15	    114436	    334.28	1
243	   2327.71	    114972	    335.75	1
244	   2332.27	    115508	    337.15	1
245	   2336.83	    116044	    338.88	1
246	   2341.39	    116580	    340.40	1
247	   2345.95	    117116	    341.72	1
248	   2350.51	    117652	    343.51	1
249	   2355.07	    118188	    345.07	1
250	   2359.63	    118724	    346.44	1
251	   2364.19	    119260	    348.26	1
252	   2368.75	    119796	    349.72	1
253	   2373.31	    119260	    351.01	1
254	   2377.87	    119796	    352.63	1
255	   2382.43	    120332	    354.18	1
256	   2386.99	    120868	    355.41	1
257	   2391.55	    121404	    356.61	1
258	   2396.11	    121940	    358.28	1
259	   2400.67	    122476	    359.62	1
260	   2405.23	    123012	    360.92	1
261	   2409.79	    123548	    362.55	1
262	   2414.35	    124084	    363.98	1
263	   2418.91	    124620	    365.24	1
264	   2423.47	    125156	    366.33	1
265	   2428.03	    125692	    367.91	1
266	   2432.59	    126228	    369.18	1
267	   2437.15	    126764	    370.40	1
268	   2441.71	    127300	    371.98	1
269	   2446.27	    127836	    373.36	1
270	   2450.83	    128372	    374.56	1
271	   2455.39	    128908	    376.24	1
272	   2459.95	    128372	    377.59	1
273	   2464.51	    128908	    378.89	1
274	   2469.07	    128640	    380.03	1
275	   2473.63	    129176	    381.52	1
276	   2480.56	    129712	    381.52	0
277	   3406.20	     64856	    381.52	0
278	   3734.47	     32428	    352.08	1
279	   3739.03	     32964	    326.32	1
280	   3743.59	     33500	    303.78	1
281	   3748.15	     34036	    284.06	1
282	   3752.71	     34572	    266.80	1
283	   3757.27	     35108	    251.70	1
284	   3761.83	     35376	    238.36	1
285	   3766.39	     34840	    226.82	1
286	   3770.95	     35376	    216.59	1
287	   3775.51	     35912	    207.77	1
288	   3780.07	     35912	    200.05	1
289	   3784.63	     36448	    193.29	1
290	   3789.19	     36984	    187.13	1
291	   3793.75	     37520	    181.61	1
292	   3800.59	     38056	    177.16	1
293	   3805.15	     38592	    173.52	1
294	   3809.71	     39128	    170.58	1
295	   3814.27	     39664	    168.38	1
296	   3818.83	     40200	    166.71	1
297	   3823.39	     40736	    165.49	1
298	   3827.95	     41272	    164.68	1
299	   3832.51	     41808	    164.35	1
300	   3837.07	     42344	    164.30	1
301	   3841.63	     42880	    164.51	1
302	   3846.19	     43416	    165.08	1
303	   3850.75	     43952	    165.82	1
304	   3855.31	     43416	    166.71	1
305	   3859.87	     43684	    167.75	1
306	   3864.43	     44220	    169.03	1
307	   3868.99	     44756	    170.28	1
308	   3873.55	     45292	    171.74	1
309	   3878.11	     45828	    173.40	1
310	   3882.67	     46364	    175.10	1
311	   3887.23	     46900	    176.84	1
312	   3891.79	     47436	    178.61	1
313	   3896.35	     47972	    180.53	1
314	   3900.91	     48508	    182.47	1
315	   3905.47	     49044	    184.41	1
316	   3910.03	     49580	    186.48	1
317	   3914.59	     50116	    188.55	1
318	   3919.15	     50652	    190.60	1
319	   3923.71	     51188	    192.65	1
320	   3928.27	     51724	    194.82	1
321	   3932.83	     52260	    196.97	1
322	   3937.39	     52796	    199.10	1
323	   3941.95	     52528	    201.21	1
324	   3946.51	     53064	    203.43	1
325	   3951.07	     53600	    205.13	1
326	   3955.63	     54136	    207.11	1
327	   3960.19	     54672	    208.85	1
328	   3964.75	     55208	    210.37	1
329	   3969.31	     55744	    212.32	1
330	   3973.87	     56280	    213.91	1
331	   3978.43	     56816	    215.92	1
332	   3982.99	     56280	    217.68	1
333	   3987.55	     56816	    219.22	1
334	   3992.11	     56816	    220.69	1
335	   3996.67	     57352	    221.85	1
336	   4001.23	     57888	    223.00	1
337	   4005.79	     58424	    224.50	1
338	   4010.35	     58960	    225.81	1
339	   4014.91	     59496	    226.83	1
340	   4019.47	     60032	    227.85	1
341	   4024.03	     60568	    229.37	1
342	   4028.59	     61104	    230.58	1
343	   4033.15	     61640	    231.75	1
344	   4037.71	     62176	    233.28	1
345	   4042.27	     61908	    234.37	1
346	   4046.83	     62444	    235.20	1
347	   4051.39	     61908	    236.05	1
348	   4055.95	     62444	    236.67	1
349	   4060.51	     61908	    237.34	1
350	   4065.07	     62444	    237.92	1
351	   4069.63	     62980	    238.43	1
352	   4074.19	     63516	    238.88	1
353	   4078.75	     64052	    239.14	1
354	   4083.31	     64588	    239.50	1
355	   4087.87	     65124	    239.69	1
356	   4092.43	     65660	    239.35	1
357	   4096.99	     66196	    239.06	1
358	   4101.55	     66464	    238.80	1
359	   4106.11	     67000	    238.70	1
360	   4110.67	     67536	    238.49	1
361	   4115.23	     68072	    238.30	1
362	   4119.79	     68608	    238.14	1
363	   4124.35	     69144	    238.00	1
364	   4128.91	     69680	    237.87	1
365	   4133.47	     70216	    237.76	1
366	   4138.03	     70752	    237.79	1
367	   4142.59	     71288	    237.69	1
368	   4147.15	     71824	    237.61	1
369	   4151.71	     72360	    237.53	1
370	   4156.27	     72896	    237.46	1
371	   4160.83	     73432	    237.41	1
372	   4165.39	     72896	    237.35	1
373	   4169.95	     73432	    237.31	1
374	   4174.51	     72896	    236.77	1
375	   4179.07	     73432	    236.30	1
376	   4183.63	     73968	    236.39	1
377	   4188.19	     74504	    236.46	1
378	   4192.75	     75040	    236.53	1
379	   4197.31	     75576	    237.22	1
380	   4201.87	     76112	    237.69	1
381	   4206.43	     76648	    238.23	1
382	   4210.99	     77184	    239.20	1
383	   4215.55	     77720	    240.05	1
384	   4220.11	     78256	    241.42	1
385	   4224.67	     78792	    242.62	1
386	   4229.23	     78792	    243.66	1
387	   4233.79	     79328	    244.58	1
388	   4238.35	     79864	    245.38	1
389	   4242.91	     79864	    245.96	1
390	   4247.47	     80400	    247.09	1
391	   4252.03	     80936	    248.20	1
392	   4256.59	     81472	    249.05	1
393	   4261.15	     82008	    250.42	1
394	   4265.71	     82544	    251.62	1
395	   4270.27	     83080	    252.67	1
396	   4274.83	     83616	    254.08	1
397	   4279.39	     84152	    255.45	1
398	   4283.95	     84688	    256.52	1
399	   4288.51	     85224	    258.08	1
400	   4293.07	     85760	    259.44	1
401	   4297.63	     86296	    260.64	1
402	   4302.19	     86832	    262.31	1
403	   4306.75	     87368	    263.64	1
404	   4311.31	     87904	    264.94	1
405	   4315.87	     88440	    265.95	1
406	   4320.43	     88976	    267.45	1
407	   4324.99	     89512	    268.15	1
408	   4329.55	     90048	    269.38	1
409	   4334.11	     90584	    269.95	1
410	   4338.67	     91120	    270.96	1
411	   4343.23	     91656	    271.84	1
412	   4347.79	     92192	    272.61	1
413	   4352.35	     92728	    273.91	1
414	   4356.91	     93264	    274.92	1
415	   4361.47	     93800	    275.93	1
416	   4366.03	     94336	    277.44	1
417	   4370.59	     94336	    278.63	1
418	   4375.15	     94336	    279.81	1
419	   4379.71	     94872	    281.33	1
420	   4384.27	     95408	    282.66	1
421	   4388.83	     95944	    283.83	1
422	   4393.39	     96480	    284.85	1
423	   4397.95	     96212	    286.25	1
424	   4402.51	     96748	    287.46	1
425	   4407.07	     97284	    288.66	1
426	   4411.63	     97820	    290.20	1
427	   4416.19	     98356	    291.55	1
428	   4420.75	     98892	    292.73	1
429	   4425.31	     99428	    294.39	1
430	   4429.87	     99964	    295.71	1
431	   4434.43	    100500	    297.50	1
432	   4438.99	    101036	    299.06	1
433	   4443.55	    101572	    300.43	1
434	   4448.11	    102108	    302.25	1
435	   4452.67	    102644	    303.72	1
436	   4457.23	    103180	    305.13	1
437	   4461.79	    103448	    306.86	1
438	   4466.35	    103984	    308.38	1
439	   4470.91	    104520	    309.71	1
440	   4475.47	    105056	    311.49	1
441	   4480.03	    105592	    313.06	1
442	   4484.59	    106128	    314.43	1
443	   4489.15	    106664	    315.62	1
444	   4493.71	    107200	    316.67	1
445	   4498.27	    107736	    317.58	1
446	   4502.83	    108272	    318.26	1
447	   4507.39	    108808	    319.48	1
448	   4511.95	    109344	    320.54	1
449	   4516.51	    109612	    321.48	1
450	   4521.07	    110148	    322.92	1
451	   4525.63	    110684	    324.18	1
452	   4530.19	    111220	    325.28	1
453	   4534.75	    111756	    326.75	1
454	   4539.31	    112292	    328.15	1
455	   4543.87	    112828	    329.26	1
456	   4548.43	    113364	    330.85	1
457	   4552.99	    113900	    332.24	1
458	   4557.55	    114436	    333.46	1
459	   4562.11	    114972	    335.15	1
460	   4566.67	    115508	    336.51	1
461	   4571.23	    116044	    337.82	1
462	   4575.79	    116580	    338.84	1
463	   4580.35	    117116	    340.36	1
464	   4584.91	    117652	    341.69	1
465	   4589.47	    118188	    342.86	1
466	   4594.03	    118724	    344.00	1
467	   4598.59	    119260	    345.50	1
468	   4603.15	    118724	    346.81	1
469	   4607.71	    119260	    347.83	1
470	   4612.27	    119796	    349.36	1
471	   4616.83	    120332	    350.69	1
472	   4621.39	    120868	    351.85	1
473	   4625.95	    121404	    353.37	1
474	   4630.51	    121940	    354.82	1
475	   4635.07	    122476	    356.72	1
476	   4639.63	    123012	    358.25	1
477	   4644.19	    123548	    359.72	1
478	   4648.75	    124084	    361.51	1
479	   4653.31	    124620	    363.07	1
480	   4657.87	    125156	    364.44	1
481	   4662.43	    125692	    366.26	1
482	   4666.99	    126228	    367.72	1
483	   4671.55	    126764	    369.01	1
484	   4676.11	    127300	    370.76	1
485	   4680.67	    127568	    372.29	1
486	   4685.23	    128104	    373.63	1
487	   4689.79	    128640	    375.30	1
488	   4694.35	    128104	    376.89	1
489	   4698.91	    128640	    378.15	1
490	   4703.47	    128640	    379.88	1
491	   4710.40	    129176	    379.88	0
492	   5631.57	     64588	    379.88	0
493	   5959.75	     32294	    379.88	1
494	   5964.31	     32830	    379.88	1
495	   5968.87	     33366	    379.88	1
496	   5973.43	     33902	    379.88	1
497	   5977.99	     34438	    379.88	1
498	   5982.55	     34974	    350.27	1
499	   5987.11	     35510	    324.49	1
500	   5991.67	     35778	    301.80	1
501	   5996.23	     36314	    282.08	1
502	   6000.79	     36850	    264.69	1
503	   6005.35	     37386	    249.60	1
504	   6009.91	     37922	    236.28	1
505	   6014.47	     38458	    224.74	1
506	   6019.03	     38994	    214.65	1
507	   6025.87	     39530	    205.94	1
508	   6030.43	     40066	    198.70	1
509	   6034.99	     40334	    192.61	1
510	   6039.55	     40870	    187.66	1
511	   6044.11	     41406	    183.58	1
512	   6048.67	     41406	    180.26	1
513	   6053.23	     41942	    177.72	1
514	   6057.79	     42478	    175.63	1
515	   6062.35	     43014	    174.18	1
516	   6066.91	     43550	    173.16	1
517	   6071.47	     44086	    172.64	1
518	   6076.03	     44622	    172.43	1
519	   6080.59	     45158	    172.50	1
520	   6085.15	     45694	    172.94	1
521	   6089.71	     46230	    173.45	1
522	   6094.27	     45694	    174.27	1
523	   6098.83	     46230	    175.23	1
524	   6103.39	     46766	    176.45	1
525	   6107.95	     47302	    177.65	1
526	   6112.51	     47838	    179.07	1
527	   6117.07	     48374	    180.68	1
528	   6121.63	     48910	    182.35	1
529	   6123.87	     49446	    183.68	1
