idx	time(ms)  	cwnd(bytes)	rtt(ms)   	loss(0-loss)
0	    250.02	      1052	     81.19	1
1	    335.81	      1588	     81.66	1
2	    419.33	      2124	     92.58	1
3	    423.89	      2660	     92.01	1
4	    505.12	      3196	     91.26	1
5	    509.68	      3732	     91.10	1
6	    514.24	      4268	     91.09	1
7	    590.92	      4804	     90.33	1
8	    595.48	      5340	     90.28	1
9	    600.04	      5876	     90.38	1
10	    604.60	      6412	     90.33	1
11	    674.43	      6948	     99.04	1
12	    678.99	      7484	     97.66	1
13	    683.55	      8020	     96.45	1
14	    688.11	      8556	     96.02	1
15	    692.67	      9092	     95.52	1
16	    697.23	      9628	     95.20	1
17	    757.95	     10164	    102.43	1
18	    762.51	     10700	    100.62	1
19	    767.07	     11236	     99.17	1
20	    771.63	     11772	     98.40	1
21	    776.19	     12308	     97.72	1
22	    780.75	     12844	     97.01	1
23	    785.31	     13380	     97.01	1
24	    789.87	     13916	     97.01	1
25	    794.43	     14452	     97.00	1
26	    841.46	     14988	    102.88	1
27	    846.02	     15524	    101.14	1
28	    850.58	     16060	     99.50	1
29	    855.14	     16596	     98.69	1
30	    859.70	     17132	     97.85	1
31	    864.26	     17668	     97.25	1
32	    868.82	     18204	     97.22	1
33	    873.38	     18740	     97.19	1
34	    877.94	     19276	     97.17	1
35	    882.50	     19812	     97.77	1
36	    887.06	     20348	     98.30	1
37	    891.62	     20884	     98.76	1
38	    896.18	     21420	     99.79	1
39	    900.74	     21956	    100.57	1
40	    924.98	     22492	    104.25	1
41	    929.54	     23028	    102.22	1
42	    934.10	     23564	    100.44	1
43	    938.66	     24100	     99.38	1
44	    943.22	     24636	     98.58	1
45	    947.78	     25172	     97.76	1
46	    952.34	     25708	     97.67	1
47	    956.90	     26244	     97.58	1
48	    961.46	     26780	     97.51	1
49	    966.02	     27316	     98.07	1
50	    970.58	     27852	     98.56	1
51	    975.14	     28388	     98.99	1
52	    979.70	     28924	     99.87	1
53	    984.26	     29460	    100.76	1
54	    988.82	     29996	    101.41	1
55	    993.38	     30532	    102.61	1
56	    997.94	     31068	    103.54	1
57	   1002.50	     31604	    104.47	1
58	   1007.06	     32140	    105.91	1
59	   1011.62	     32676	    107.05	1
60	   1016.18	     33212	    108.17	1
61	   1020.74	     33748	    109.64	1
62	   1025.30	     34284	    108.56	1
63	   1029.86	     34820	    107.49	1
64	   1034.42	     35356	    107.18	1
65	   1038.98	     35892	    106.78	1
66	   1043.54	     36428	    106.56	1
67	   1048.10	     36964	    106.99	1
68	   1052.66	     37500	    107.24	1
69	   1057.22	     38036	    107.59	1
70	   1061.78	     38572	    108.39	1
71	   1066.34	     39108	    109.09	1
72	   1070.90	     39644	    109.70	1
73	   1075.46	     40180	    110.86	1
74	   1080.02	     40716	    111.88	1
75	   1084.58	     41252	    112.65	1
76	   1089.14	     41788	    113.94	1
77	   1093.70	     42324	    115.07	1
78	   1098.26	     42860	    116.69	1
79	   1102.82	     43396	    117.98	1
80	   1107.38	     43932	    119.23	1
81	   1111.94	     44468	    120.83	1
82	   1116.50	     45004	    122.22	1
83	   1121.06	     45540	    123.57	1
84	   1125.62	     46076	    125.25	1
85	   1130.18	     46612	    126.72	1
86	   1134.74	     47148	    128.00	1
87	   1139.30	     47684	    129.75	1
88	   1143.86	     48220	    131.16	1
89	   1148.42	     48756	    132.39	1
90	   1152.98	     49292	    133.97	1
91	   1157.54	     49828	    135.47	1
92	   1162.10	     50364	    136.79	1
93	   1166.66	     50900	    138.44	1
94	   1171.22	     51436	    140.01	1
95	   1175.78	     51972	    141.26	1
96	   1180.34	     52508	    142.97	1
97	   1184.90	     53044	    144.48	1
98	   1189.46	     53580	    145.79	1
99	   1194.02	     54116	    147.57	1
100	   1198.58	     54652	    149.12	1
101	   1203.14	     55188	    150.48	1
102	   1207.70	     55724	    152.17	1
103	   1212.26	     56260	    153.65	1
104	   1216.82	     56796	    154.94	1
105	   1221.38	     57332	    156.70	1
106	   1225.94	     57868	    158.11	1
107	   1230.50	     58404	    159.47	1
108	   1235.06	     58940	    161.29	1
109	   1239.62	     59476	    162.75	1
110	   1244.18	     60012	    164.16	1
111	   1248.74	     60548	    165.89	1
112	   1253.30	     61084	    167.40	1
113	   1257.86	     61620	    168.60	1
114	   1262.42	     62156	    170.28	1
115	   1266.98	     62692	    171.74	1
116	   1271.54	     63228	    173.03	1
117	   1276.10	     63764	    174.77	1
118	   1280.66	     64300	    176.30	1
119	   1285.22	     64836	    178.26	1
120	   1289.78	     65372	    179.85	1
121	   1294.34	     65908	    181.37	1
122	   1298.90	     66444	    183.20	1
123	   1303.46	     66980	    184.80	1
124	   1308.02	     67516	    186.33	1
125	   1312.58	     68052	    188.16	1
126	   1317.14	     68588	    189.76	1
127	   1321.70	     69124	    191.04	1
128	   1326.26	     69660	    192.79	1
129	   1330.82	     70196	    194.31	1
130	   1335.38	     70732	    195.65	1
131	   1339.94	     71268	    197.32	1
132	   1344.50	     71804	    198.90	1
133	   1349.06	     72340	    200.29	1
134	   1353.62	     72876	    202.00	1
135	   1358.18	     73412	    203.63	1
136	   1362.74	     73948	    204.93	1
137	   1367.30	     74484	    206.69	1
138	   1371.86	     75020	    208.22	1
139	   1376.42	     75556	    209.57	1
140	   1380.98	     76092	    211.25	1
141	   1385.54	     76628	    212.72	1
142	   1390.10	     77164	    214.13	1
143	   1394.66	     77700	    215.86	1
144	   1399.22	     78236	    217.38	1
145	   1403.78	     78772	    218.71	1
146	   1408.34	     79308	    220.49	1
147	   1412.90	     79844	    221.93	1
148	   1417.46	     80380	    223.31	1
149	   1422.02	     80916	    225.15	1
150	   1426.58	     81452	    226.63	1
151	   1431.14	     81988	    227.93	1
152	   1435.70	     82524	    229.56	1
153	   1440.26	     83060	    231.12	1
154	   1444.82	     83596	    232.35	1
155	   1449.38	     84132	    234.06	1
156	   1453.94	     84668	    235.55	1
157	   1458.50	     85204	    237.48	1
158	   1463.06	     85740	    239.17	1
159	   1467.62	     86276	    240.65	1
160	   1472.18	     86812	    242.57	1
161	   1476.74	     87348	    244.12	1
162	   1481.30	     87884	    245.61	1
163	   1485.86	     88420	    247.41	1
164	   1490.42	     88956	    248.98	1
165	   1494.98	     89492	    250.23	1
166	   1499.54	     90028	    251.95	1
167	   1504.10	     90564	    253.58	1
168	   1508.66	     91100	    254.89	1
169	   1513.22	     91636	    256.65	1
170	   1517.78	     92172	    258.19	1
171	   1522.34	     92708	    259.55	1
172	   1526.90	     93244	    261.23	1
173	   1531.46	     93780	    262.82	1
174	   1536.02	     94316	    264.22	1
175	   1540.58	     94852	    265.94	1
176	   1545.14	     95388	    267.57	1
177	   1549.70	     95924	    268.88	1
178	   1554.26	     96460	    270.64	1
179	   1558.82	     96996	    272.06	1
180	   1563.38	     97532	    273.43	1
181	   1567.94	     98068	    275.13	1
182	   1572.50	     98604	    276.61	1
183	   1577.06	     99140	    278.03	1
184	   1581.62	     99676	    279.78	1
185	   1586.18	    100212	    281.31	1
186	   1590.74	    100748	    282.64	1
187	   1595.30	    101284	    284.44	1
188	   1599.86	    101820	    285.88	1
189	   1604.42	    102356	    287.15	1
190	   1608.98	    102892	    288.75	1
191	   1613.54	    103428	    290.29	1
192	   1618.10	    103964	    291.62	1
193	   1622.66	    104500	    293.30	1
194	   1627.22	    105036	    294.88	1
195	   1631.78	    105572	    296.77	1
196	   1636.34	    106108	    298.43	1
197	   1640.90	    106644	    299.87	1
198	   1645.46	    107180	    301.76	1
199	   1650.02	    107716	    303.42	1
200	   1654.58	    108252	    304.87	1
201	   1659.14	    108788	    306.76	1
202	   1663.70	    109324	    308.29	1
203	   1668.26	    109860	    309.63	1
204	   1672.82	    110396	    311.30	1
205	   1677.38	    110932	    312.89	1
206	   1681.94	    111468	    314.15	1
207	   1686.50	    112004	    315.88	1
208	   1691.06	    112540	    317.52	1
209	   1695.62	    113076	    318.83	1
210	   1700.18	    113612	    320.60	1
211	   1704.74	    114148	    322.15	1
212	   1709.30	    114684	    323.51	1
213	   1713.86	    115220	    325.19	1
214	   1718.42	    115756	    326.80	1
215	   1722.98	    116292	    328.07	1
216	   1727.54	    116828	    329.81	1
217	   1732.10	    117364	    331.33	1
218	   1736.66	    117900	    332.67	1
219	   1741.22	    118436	    334.46	1
220	   1745.78	    118972	    335.90	1
221	   1750.34	    119508	    337.29	1
222	   1754.90	    120044	    339.00	1
223	   1759.46	    120580	    340.50	1
224	   1764.02	    121116	    341.94	1
225	   1768.58	    121652	    343.70	1
226	   1773.14	    122188	    345.24	1
227	   1777.70	    122724	    346.46	1
228	   1782.26	    123260	    348.15	1
229	   1786.82	    123796	    349.63	1
230	   1791.38	    124332	    350.93	1
231	   1795.94	    124868	    352.56	1
232	   1800.50	    125404	    354.12	1
233	   1805.06	    125940	    355.48	1
234	   1809.62	    126476	    357.17	1
235	   1814.18	    127012	    358.77	1
236	   1818.74	    127548	    360.67	1
237	   1823.30	    128084	    362.34	1
238	   1827.86	    128620	    363.80	1
239	   1832.42	    129156	    365.70	1
240	   1836.98	    129692	    367.24	1
241	   1841.54	    130228	    368.58	1
242	   1846.10	    130764	    370.38	1
243	   1850.66	    131300	    371.96	1
244	   1855.22	    131836	    373.34	1
245	   1859.78	    132372	    375.05	1
246	   1864.34	    132908	    376.67	1
247	   1868.90	    133444	    377.96	1
248	   1873.46	    133980	    379.71	1
249	   1880.38	    134516	    379.71	0
250	   2821.98	     67258	    379.71	0
251	   3166.22	     33629	    351.37	1
252	   3170.78	     34165	    326.45	1
253	   3175.34	     34701	    304.77	1
254	   3179.89	     35237	    285.67	1
255	   3184.45	     35773	    269.09	1
256	   3189.01	     36309	    254.58	1
257	   3193.57	     36845	    241.88	1
258	   3198.14	     37381	    230.52	1
259	   3202.70	     37917	    220.46	1
260	   3207.26	     38453	    212.02	1
261	   3211.82	     38989	    204.90	1
262	   3216.38	     39525	    198.91	1
263	   3220.93	     40061	    193.92	1
264	   3225.49	     40597	    189.93	1
265	   3230.05	     41133	    186.69	1
266	   3234.61	     41669	    184.10	1
267	   3239.18	     42205	    182.22	1
268	   3243.74	     42741	    180.81	1
269	   3248.30	     43277	    179.84	1
270	   3252.86	     43813	    179.23	1
271	   3257.41	     44349	    179.08	1
272	   3261.97	     44885	    179.19	1
273	   3266.53	     45421	    179.54	1
274	   3271.09	     45957	    180.23	1
275	   3275.66	     46493	    181.07	1
276	   3280.22	     47029	    182.06	1
277	   3284.78	     47565	    183.18	1
278	   3289.34	     48101	    184.53	1
279	   3293.89	     48637	    185.97	1
280	   3298.45	     49173	    187.47	1
281	   3303.01	     49709	    189.16	1
282	   3307.57	     50245	    190.89	1
283	   3312.14	     50781	    192.66	1
284	   3316.70	     51317	    194.45	1
285	   3321.26	     51853	    196.39	1
286	   3325.82	     52389	    198.34	1
287	   3330.38	     52925	    200.30	1
288	   3334.93	     53461	    202.26	1
289	   3339.49	     53997	    204.35	1
290	   3344.05	     54533	    206.44	1
291	   3348.61	     55069	    208.51	1
292	   3353.18	     55605	    210.69	1
293	   3357.74	     56141	    212.86	1
294	   3362.30	     56677	    215.00	1
295	   3366.86	     57213	    217.12	1
296	   3371.41	     57749	    219.36	1
297	   3375.97	     58285	    221.56	1
298	   3380.53	     58821	    223.74	1
299	   3385.09	     59357	    226.03	1
300	   3389.66	     59893	    228.27	1
301	   3394.22	     60429	    230.49	1
302	   3398.78	     60965	    232.68	1
303	   3403.34	     61501	    234.97	1
304	   3407.89	     62037	    237.22	1
305	   3412.45	     62573	    239.44	1
306	   3417.01	     63109	    241.76	1
307	   3421.57	     63645	    243.42	1
308	   3426.14	     64181	    245.49	1
309	   3430.70	     64717	    247.30	1
310	   3435.26	     65253	    248.89	1
311	   3439.82	     65789	    250.78	1
312	   3444.38	     66325	    252.56	1
313	   3448.93	     66861	    253.99	1
314	   3453.49	     67397	    255.86	1
315	   3458.05	     67933	    257.51	1
316	   3462.61	     68469	    258.94	1
317	   3467.18	     69005	    260.82	1
318	   3471.74	     69541	    262.35	1
319	   3476.30	     70077	    263.80	1
320	   3480.86	     70613	    264.95	1
321	   3485.41	     71149	    266.08	1
322	   3489.97	     71685	    266.95	1
323	   3494.53	     72221	    267.83	1
324	   3499.09	     72757	    268.60	1
325	   3503.66	     73293	    269.15	1
326	   3508.22	     73829	    269.76	1
327	   3512.78	     74365	    270.16	1
328	   3517.34	     74901	    270.64	1
329	   3521.89	     75437	    270.94	1
330	   3526.45	     75973	    271.32	1
331	   3531.01	     76509	    271.65	1
332	   3535.57	     77045	    271.95	1
333	   3540.14	     77581	    272.83	1
334	   3544.70	     78117	    273.48	1
335	   3549.26	     78653	    274.04	1
336	   3553.82	     79189	    274.54	1
337	   3558.38	     79725	    274.97	1
338	   3562.93	     80261	    275.35	1
339	   3567.49	     80797	    275.68	1
340	   3572.05	     81333	    276.09	1
341	   3576.61	     81869	    276.33	1
342	   3581.18	     82405	    276.54	1
343	   3585.74	     82941	    276.72	1
344	   3590.30	     83477	    276.88	1
345	   3594.86	     84013	    277.02	1
346	   3599.41	     84549	    277.14	1
347	   3603.97	     85085	    277.25	1
348	   3608.53	     85621	    277.35	1
349	   3613.09	     86157	    277.55	1
350	   3617.66	     86693	    277.61	1
351	   3622.22	     87229	    277.66	1
352	   3626.78	     87765	    277.70	1
353	   3631.34	     88301	    277.74	1
354	   3635.89	     88837	    277.77	1
355	   3640.45	     89373	    277.80	1
356	   3645.01	     89909	    277.95	1
357	   3649.57	     90445	    277.95	1
358	   3654.14	     90981	    278.09	1
359	   3658.70	     91517	    278.07	1
360	   3663.26	     92053	    278.06	1
361	   3667.82	     92589	    278.06	1
362	   3672.38	     93125	    278.05	1
363	   3676.93	     93661	    278.04	1
364	   3681.49	     94197	    278.04	1
365	   3686.05	     94733	    278.16	1
366	   3690.61	     95269	    278.14	1
367	   3695.18	     95805	    278.12	1
368	   3699.74	     96341	    278.61	1
369	   3704.30	     96877	    279.15	1
370	   3708.86	     97413	    279.51	1
371	   3713.41	     97949	    280.45	1
372	   3717.97	     98485	    281.27	1
373	   3722.53	     99021	    281.98	1
374	   3727.09	     99557	    283.24	1
375	   3731.66	    100093	    284.33	1
376	   3736.22	    100629	    285.29	1
377	   3740.78	    101165	    286.63	1
378	   3745.34	    101701	    287.92	1
379	   3749.89	    102237	    288.93	1
380	   3754.45	    102773	    290.44	1
381	   3759.01	    103309	    291.76	1
382	   3763.57	    103845	    292.92	1
383	   3768.14	    104381	    294.55	1
384	   3772.70	    104917	    295.86	1
385	   3777.26	    105453	    297.12	1
386	   3781.82	    105989	    298.74	1
387	   3786.38	    106525	    300.14	1
388	   3790.93	    107061	    301.38	1
389	   3795.49	    107597	    303.08	1
390	   3800.05	    108133	    304.57	1
391	   3804.61	    108669	    305.87	1
392	   3809.18	    109205	    307.64	1
393	   3813.74	    109741	    309.06	1
394	   3818.30	    110277	    310.93	1
395	   3822.86	    110813	    312.44	1
396	   3827.41	    111349	    313.88	1
397	   3831.97	    111885	    315.64	1
398	   3836.53	    112421	    317.19	1
399	   3841.09	    112957	    318.67	1
400	   3845.66	    113493	    320.46	1
401	   3850.22	    114029	    322.02	1
402	   3854.78	    114565	    323.40	1
403	   3859.34	    115101	    325.22	1
404	   3863.89	    115637	    326.69	1
405	   3868.45	    116173	    327.98	1
406	   3873.01	    116709	    329.74	1
407	   3877.57	    117245	    331.27	1
408	   3882.14	    117781	    332.61	1
409	   3886.70	    118317	    334.28	1
410	   3891.26	    118853	    335.87	1
411	   3895.82	    119389	    337.14	1
412	   3900.38	    119925	    338.87	1
413	   3904.93	    120461	    340.39	1
414	   3909.49	    120997	    341.71	1
415	   3914.05	    121533	    343.50	1
416	   3918.61	    122069	    345.06	1
417	   3923.18	    122605	    346.43	1
418	   3927.74	    123141	    348.12	1
419	   3932.30	    123677	    349.61	1
420	   3936.86	    124213	    350.91	1
421	   3941.41	    124749	    352.67	1
422	   3945.97	    125285	    354.09	1
423	   3950.53	    125821	    355.45	1
424	   3955.09	    126357	    357.27	1
425	   3959.66	    126893	    358.74	1
426	   3964.22	    127429	    360.14	1
427	   3968.78	    127965	    361.88	1
428	   3973.34	    128501	    363.39	1
429	   3977.89	    129037	    364.72	1
430	   3982.45	    129573	    366.50	1
431	   3987.01	    130109	    368.06	1
432	   3991.57	    130645	    369.31	1
433	   3996.14	    131181	    371.02	1
434	   4000.70	    131717	    372.52	1
435	   4005.26	    132253	    374.45	1
436	   4009.82	    132789	    376.02	1
437	   4014.38	    133325	    377.52	1
438	   4018.93	    133861	    379.33	1
439	   4025.86	    134397	    379.33	0
440	   4967.46	     67198	    379.33	0
441	   5311.69	     33599	    350.91	1
442	   5316.25	     34135	    326.17	1
443	   5320.81	     34671	    304.40	1
444	   5325.37	     35207	    285.48	1
445	   5329.93	     35743	    268.79	1
446	   5334.49	     36279	    254.32	1
447	   5339.05	     36815	    241.65	1
448	   5343.61	     37351	    230.20	1
449	   5348.17	     37887	    220.30	1
450	   5352.73	     38423	    211.76	1
451	   5357.29	     38959	    204.66	1
452	   5361.85	     39495	    198.71	1
453	   5366.41	     40031	    193.87	1
454	   5370.97	     40567	    189.76	1
455	   5375.53	     41103	    186.54	1
456	   5380.09	     41639	    184.10	1
457	   5384.65	     42175	    182.09	1
458	   5389.21	     42711	    180.70	1
459	   5393.77	     43247	    179.74	1
460	   5398.33	     43783	    179.27	1
461	   5402.89	     44319	    178.99	1
462	   5407.45	     44855	    179.11	1
463	   5412.01	     45391	    179.60	1
464	   5416.57	     45927	    180.15	1
465	   5421.13	     46463	    181.00	1
466	   5425.69	     46999	    182.00	1
467	   5430.25	     47535	    183.25	1
468	   5434.81	     48071	    184.47	1
469	   5439.37	     48607	    185.91	1
470	   5443.93	     49143	    187.42	1
471	   5448.49	     49679	    189.12	1
472	   5453.05	     50215	    190.85	1
473	   5457.61	     50751	    192.62	1
474	   5462.17	     51287	    194.54	1
475	   5466.73	     51823	    196.35	1
476	   5471.29	     52359	    198.31	1
477	   5475.85	     52895	    200.27	1
478	   5480.41	     53431	    202.36	1
479	   5484.97	     53967	    204.32	1
480	   5489.53	     54503	    206.40	1
481	   5494.09	     55039	    208.60	1
482	   5498.65	     55575	    210.65	1
483	   5503.21	     56111	    212.82	1
484	   5507.77	     56647	    214.97	1
485	   5512.33	     57183	    217.22	1
486	   5516.89	     57719	    219.32	1
487	   5521.45	     58255	    221.53	1
488	   5526.01	     58791	    223.84	1
489	   5530.57	     59327	    225.98	1
490	   5535.13	     59863	    228.24	1
491	   5539.69	     60399	    230.46	1
492	   5544.25	     60935	    232.77	1
493	   5548.81	     61471	    234.93	1
494	   5553.37	     62007	    237.19	1
495	   5557.93	     62543	    239.41	1
496	   5562.49	     63079	    241.74	1
497	   5567.05	     63615	    243.52	1
498	   5571.61	     64151	    245.58	1
499	   5576.17	     64687	    247.38	1
500	   5580.73	     65223	    248.96	1
501	   5585.29	     65759	    250.96	1
502	   5589.85	     66295	    252.59	1
503	   5594.41	     66831	    254.14	1
504	   5598.97	     67367	    256.00	1
505	   5603.53	     67903	    257.63	1
506	   5608.09	     68439	    259.05	1
507	   5612.65	     68975	    260.79	1
508	   5617.21	     69511	    262.44	1
509	   5621.77	     70047	    263.76	1
510	   5626.33	     70583	    265.04	1
511	   5630.89	     71119	    266.04	1
512	   5635.45	     71655	    267.03	1
513	   5640.01	     72191	    267.90	1
514	   5644.57	     72727	    268.67	1
515	   5649.13	     73263	    269.33	1
516	   5653.69	     73799	    269.79	1
517	   5658.25	     74335	    270.32	1
518	   5662.81	     74871	    270.65	1
519	   5667.37	     75407	    271.07	1
520	   5671.93	     75943	    271.31	1
521	   5676.49	     76479	    271.65	1
522	   5681.05	     77015	    271.94	1
523	   5685.61	     77551	    272.07	1
524	   5690.17	     78087	    272.81	1
525	   5694.73	     78623	    273.46	1
526	   5699.29	     79159	    274.03	1
527	   5703.85	     79695	    274.53	1
528	   5708.41	     80231	    274.96	1
529	   5712.97	     80767	    275.34	1
530	   5717.53	     81303	    275.67	1
531	   5722.09	     81839	    276.09	1
532	   5726.65	     82375	    276.33	1
533	   5731.21	     82911	    276.54	1
534	   5735.77	     83447	    276.72	1
535	   5740.33	     83983	    276.88	1
536	   5744.89	     84519	    277.02	1
537	   5749.45	     85055	    277.14	1
538	   5754.01	     85591	    277.37	1
539	   5758.57	     86127	    277.45	1
540	   5763.13	     86663	    277.65	1
541	   5767.69	     87199	    277.69	1
542	   5772.25	     87735	    277.73	1
543	   5774.50	     88271	    277.51	1
