idx	time(ms)  	cwnd(bytes)	rtt(ms)   	loss(0-loss)
0	    447.74	       536	    105.81	1
1	    731.25	       536	    128.09	1
2	   1014.77	       536	    147.45	1
3	   1100.56	      1072	    139.77	1
4	   1186.36	      1608	    133.05	1
5	   1269.87	      1072	    137.54	1
6	   1355.67	      1072	    131.10	1
7	   1639.18	       536	    150.21	1
8	   1922.70	       536	    166.81	1
9	   2206.21	       804	    181.46	1
10	   2489.72	       536	    194.15	1
11	   2575.52	      1072	    180.63	1
12	   2661.31	      1340	    168.80	1
13	   2747.11	      1072	    158.45	1
14	   2832.90	      1608	    149.27	1
15	   2916.42	      1072	    151.74	1
16	   3199.93	       804	    168.15	1
17	   3285.73	      1072	    157.88	1
18	   3371.52	      1608	    148.89	1
19	   3455.03	      2144	    151.53	1
20	   3459.59	      2680	    143.59	1
21	   3540.83	      2144	    136.26	1
22	   3545.39	      2680	    130.48	1
23	   3626.62	      3216	    124.92	1
24	   3631.18	      2680	    120.68	1
25	   3635.74	      3216	    116.85	1
26	   3714.70	      2948	    113.24	1
27	   3719.26	      3484	    110.08	1
28	   3798.21	      3216	    116.70	1
29	   3802.77	      2948	    113.11	1
30	   3807.33	      2948	    109.97	1
31	   3886.29	      2680	    107.23	1
32	   3890.85	      2144	    104.82	1
33	   3969.80	      2680	    111.97	1
34	   3976.64	      2412	    108.72	1
35	   4053.32	      2412	    115.51	1
36	   4062.43	      1876	    111.82	1
37	   4145.95	      1608	    109.34	1
38	   4229.46	      2144	    116.55	1
39	   4234.02	      2680	    113.11	1
40	   4315.26	      3216	    109.72	1
41	   4319.82	      3484	    107.25	1
42	   4324.38	      4020	    105.10	1
43	   4401.05	      4288	    102.71	1
44	   4405.61	      3752	    100.62	1
45	   4410.17	      3484	     99.42	1
46	   4414.73	      4020	     98.24	1
47	   4489.13	      4556	     96.96	1
48	   4495.97	      4288	     95.47	1
49	   4500.53	      3752	     94.78	1
50	   4505.09	      4020	     94.31	1
51	   4574.92	      3484	     93.14	1
52	   4584.04	      4020	     92.63	1
53	   4588.60	      4020	     92.05	1
54	   4660.72	      4020	     91.29	1
55	   4667.56	      3752	     91.51	1
56	   4672.12	      4288	     91.07	1
57	   4744.23	      4020	     99.18	1
58	   4751.07	      3484	     98.16	1
59	   4755.63	      4020	     96.89	1
60	   4827.74	      4556	    104.15	1
61	   4836.86	      4824	    101.76	1
62	   4841.43	      4824	    100.29	1
63	   4845.98	      5092	     99.00	1
64	   4913.54	      5092	     97.38	1
65	   4920.38	      5360	     96.83	1
66	   4924.94	      5092	     95.73	1
67	   4929.50	      5628	     94.76	1
68	   4997.05	      5092	    101.92	1
69	   5001.61	      4556	    100.18	1
70	   5008.45	      4020	     98.65	1
71	   5013.01	      3752	     97.45	1
72	   5080.57	      3752	    104.14	1
73	   5091.97	      4288	    102.37	1
74	   5096.53	      3752	    100.58	1
75	   5164.08	      4020	    106.88	1
76	   5168.64	      3752	    104.52	1
77	   5180.04	      3752	    102.58	1
78	   5247.60	      3484	    108.63	1
79	   5252.16	      3216	    106.05	1
80	   5263.56	      2680	    104.67	1
81	   5333.39	      2412	    102.34	1
82	   5347.07	      2144	    101.42	1
83	   5419.19	      2144	     99.49	1
84	   5432.87	      2680	     97.68	1
85	   5504.98	      2412	     96.10	1
86	   5516.38	      2948	     96.21	1
87	   5590.77	      3216	     94.93	1
88	   5599.90	      2948	     94.94	1
89	   5604.45	      2680	     94.07	1
90	   5683.41	      2144	     93.94	1
91	   5687.97	      1876	     93.20	1
92	   5771.48	      2412	     92.55	1
93	   5776.04	      2948	     92.10	1
94	   5857.28	      3484	     91.34	1
95	   5861.84	      3216	     91.17	1
96	   5866.40	      3484	     91.03	1
97	   5943.07	      3216	     90.40	1
98	   5947.63	      3752	     89.85	1
99	   5952.19	      3216	     89.37	1
100	   6028.87	      3752	     88.82	1
101	   6033.43	      4288	     88.97	1
102	   6037.99	      4020	     88.47	1
103	   6112.38	      4020	     97.41	1
104	   6116.94	      4288	     96.24	1
105	   6121.50	      4020	     95.21	1
106	   6195.90	      4288	    103.06	1
107	   6200.45	      4824	    101.17	1
108	   6205.02	      4824	     99.65	1
109	   6209.57	      4288	     98.19	1
110	   6281.69	      4020	     96.67	1
111	   6286.25	      3752	     95.96	1
112	   6290.81	      4020	     95.22	1
113	   6365.20	      4288	    102.81	1
114	   6369.76	      3752	    100.96	1
115	   6374.32	      3216	     99.34	1
116	   6378.88	      2680	     97.92	1
117	   6453.28	      3216	     96.68	1
118	   6462.40	      2680	     95.60	1
119	   6466.96	      3216	     94.65	1
120	   6545.91	      3752	     94.32	1
121	   6550.47	      4288	     93.53	1
122	   6555.03	      4824	     92.96	1
123	   6629.43	      4556	    101.72	1
124	   6633.99	      4288	    100.00	1
125	   6638.55	      4288	     98.50	1
126	   6643.11	      4824	     97.81	1
127	   6715.22	      4556	     96.34	1
128	   6719.78	      4288	     95.05	1
129	   6724.34	      4824	     93.91	1
130	   6728.90	      4556	     93.42	1
131	   6801.02	      4020	     92.50	1
132	   6805.58	      4020	     91.68	1
133	   6810.14	      4288	     91.60	1
134	   6884.53	      4020	     99.65	1
135	   6889.09	      3752	     98.19	1
136	   6893.65	      4288	     96.92	1
137	   6968.05	      3752	    104.55	1
138	   6972.60	      3484	    102.48	1
139	   6977.16	      3484	    100.67	1
140	   7051.56	      3216	    107.84	1
141	   7058.40	      3752	    105.11	1
142	   7062.96	      3484	    102.60	1
143	   7137.35	      2948	    100.52	1
144	   7141.91	      3484	     99.21	1
145	   7220.87	      3484	    106.56	1
146	   7225.43	      3484	    104.24	1
147	   7229.99	      3484	    102.21	1
148	   7306.66	      4020	    100.18	1
149	   7311.22	      3752	     98.41	1
150	   7315.78	      4288	     96.86	1
151	   7390.18	      3752	    104.88	1
152	   7394.74	      4288	    102.77	1
153	   7399.30	      3752	    100.92	1
154	   7473.69	      3752	    108.05	1
155	   7478.25	      3484	    105.55	1
156	   7482.81	      4020	    103.35	1
157	   7557.21	      3752	    110.19	1
158	   7564.05	      4288	    107.16	1
159	   7568.61	      4824	    105.02	1
160	   7640.72	      4824	    111.64	1
161	   7645.28	      5360	    108.68	1
162	   7649.84	      5360	    105.72	1
163	   7654.40	      5896	    103.76	1
164	   7724.23	      5360	    110.29	1
165	   7728.80	      4824	    107.50	1
166	   7733.35	      5360	    105.06	1
167	   7737.91	      5092	    102.93	1
168	   7742.47	      4556	    101.69	1
169	   7812.31	      5092	     99.98	1
170	   7816.87	      4556	     98.48	1
171	   7821.43	      5092	     97.17	1
172	   7828.27	      4556	     95.77	1
173	   7895.82	      5092	    102.93	1
174	   7902.66	      5092	    100.81	1
175	   7907.22	      4556	     99.58	1
176	   7914.06	      4020	     97.89	1
177	   7979.34	      3752	    104.53	1
178	   7986.18	      3216	    102.83	1
179	   7997.58	      3484	    101.23	1
180	   8062.85	      3216	    107.08	1
181	   8071.97	      3752	    104.32	1
182	   8083.37	      3752	    102.03	1
183	   8148.65	      3216	    100.02	1
184	   8155.49	      3752	     99.15	1
185	   8166.89	      3484	     98.63	1
186	   8234.44	      3216	     97.05	1
187	   8239.00	      3752	     96.29	1
188	   8252.68	      4288	     95.01	1
189	   8320.24	      4824	     93.88	1
190	   8324.80	      5092	     93.39	1
191	   8329.35	      4556	     92.97	1
192	   8338.48	      4288	     92.10	1
193	   8403.75	      4824	     99.46	1
194	   8408.31	      5092	     98.03	1
195	   8415.15	      5628	     96.53	1
196	   8424.27	      5896	     95.21	1
197	   8487.26	      5360	    101.93	1
198	   8491.82	      5896	    100.19	1
199	   8496.38	      5896	     98.67	1
200	   8500.94	      5628	     96.96	1
201	   8507.78	      5360	     96.34	1
202	   8573.06	      5896	     95.05	1
203	   8577.62	      5628	     94.42	1
204	   8582.18	      5360	     93.99	1
205	   8586.74	      4824	     92.99	1
206	   8593.58	      5360	     92.12	1
207	   8656.57	      5896	     99.23	1
208	   8663.41	      6164	     97.57	1
209	   8670.25	      5628	     96.38	1
210	   8674.81	      6164	     95.33	1
211	   8679.37	      6164	     94.16	1
212	   8740.09	      6700	    100.77	1
213	   8746.93	      6432	     99.42	1
214	   8756.05	      6164	     97.74	1
215	   8760.61	      5896	     96.78	1
216	   8765.17	      5896	     96.05	1
217	   8769.73	      6432	     95.30	1
218	   8825.88	      5896	     94.01	1
219	   8839.56	      6432	     93.88	1
220	   8844.12	      5896	     93.15	1
221	   8848.68	      6432	     92.50	1
222	   8853.24	      6432	     91.94	1
223	   8909.40	      6700	     97.95	1
224	   8913.96	      6432	     96.70	1
225	   8927.64	      5896	     95.62	1
226	   8932.20	      5896	     94.67	1
227	   8936.76	      6432	     93.83	1
228	   8941.32	      5896	     93.10	1
229	   8995.19	      6164	     92.22	1
230	   9011.15	      5896	     92.94	1
231	   9015.71	      6432	     92.32	1
232	   9020.27	      6968	     91.78	1
233	   9024.83	      6968	     91.31	1
234	   9078.70	      6700	     97.02	1
235	   9094.67	      6432	     97.27	1
236	   9099.23	      6968	     96.11	1
237	   9103.78	      7236	     95.09	1
238	   9108.34	      6700	     94.83	1
239	   9112.91	      6432	     94.48	1
240	   9164.50	      6164	     93.42	1
241	   9180.46	      6432	     92.49	1
242	   9185.02	      5896	     92.31	1
243	   9189.58	      5628	     92.02	1
244	   9194.14	      5092	     91.27	1
245	   9248.01	      4824	     96.86	1
246	   9252.57	      4824	     95.75	1
247	   9268.53	      4824	     94.78	1
248	   9277.65	      5360	     93.93	1
249	   9331.53	      5092	     99.32	1
250	   9336.09	      4556	     97.90	1
251	   9352.05	      5092	     98.16	1
252	   9356.61	      4824	     96.89	1
253	   9415.04	      5360	    102.03	1
254	   9421.88	      4824	     99.90	1
255	   9435.56	      5360	     99.79	1
256	   9440.12	      5360	     98.32	1
257	   9444.68	      5092	     97.03	1
258	   9505.40	      5092	     96.15	1
259	   9509.96	      5092	     95.13	1
260	   9521.36	      4556	     93.99	1
261	   9528.20	      4288	     93.24	1
262	   9588.91	      4288	     99.58	1
263	   9593.47	      4824	     98.14	1
264	   9607.15	      4556	     96.62	1
265	   9613.99	      4020	     95.17	1
266	   9674.71	      3752	     94.02	1
267	   9679.27	      3752	     93.64	1
268	   9697.51	      4288	     93.19	1
269	   9758.22	      3752	     99.66	1
270	   9762.78	      3484	     98.21	1
271	   9767.34	      3216	     96.93	1
272	   9841.73	      3752	    102.81	1
273	   9848.57	      3752	    100.71	1
274	   9853.13	      3484	     98.87	1
275	   9925.25	      4020	    106.26	1
276	   9932.09	      4556	    104.36	1
277	   9938.93	      4824	    101.94	1
278	  10008.76	      4556	    108.57	1
279	  10013.32	      4556	    106.00	1
280	  10017.88	      5092	    103.37	1
281	  10022.44	      4824	    101.70	1
282	  10094.56	      5360	     99.74	1
283	  10099.12	      5092	     98.02	1
284	  10103.68	      5092	     97.02	1
285	  10108.24	      5360	     96.27	1
286	  10112.80	      5360	     95.48	1
287	  10182.63	      5092	     94.55	1
288	  10187.19	      4556	     93.73	1
289	  10191.75	      4288	     93.01	1
290	  10196.31	      4288	     92.39	1
291	  10266.15	      4020	    100.09	1
292	  10272.99	      4020	     98.20	1
293	  10277.55	      3752	     96.68	1
294	  10349.66	      3216	    103.72	1
295	  10356.50	      2948	    102.00	1
296	  10361.06	      2412	    100.38	1
297	  10440.01	      2144	     99.20	1
298	  10446.85	      1608	     97.43	1
299	  10530.37	      1876	     96.50	1
300	  10613.88	      2412	    105.31	1
301	  10618.44	      2412	    103.15	1
302	  10699.68	      2144	    101.00	1
303	  10704.24	      2680	     99.13	1
304	  10785.47	      3216	     97.49	1
305	  10790.03	      3216	     96.68	1
306	  10794.59	      3216	     95.84	1
307	  10871.27	      3216	     94.61	1
308	  10875.83	      2948	     93.41	1
309	  10880.39	      2948	     92.48	1
310	  10959.34	      2412	     91.92	1
311	  10963.90	      2948	     91.43	1
312	  11045.14	      3484	     90.75	1
313	  11049.70	      3484	     90.66	1
314	  11054.26	      3216	     90.70	1
315	  11130.93	      2948	     89.99	1
316	  11135.49	      3484	     89.49	1
317	  11214.44	      2948	     98.30	1
318	  11219.00	      2412	     97.14	1
319	  11297.96	      1876	    105.25	1
320	  11381.47	      2412	    112.34	1
321	  11386.03	      2144	    109.42	1
322	  11467.27	      2680	    106.50	1
323	  11471.83	      3216	    103.81	1
324	  11550.78	      3216	    111.33	1
325	  11555.34	      3752	    108.42	1
326	  11559.90	      3484	    105.86	1
327	  11636.58	      4020	    103.38	1
328	  11641.14	      3752	    101.83	1
329	  11645.70	      3216	     99.85	1
330	  11720.09	      2948	    107.50	1
331	  11724.65	      2412	    105.06	1
332	  11803.61	      2412	    111.68	1
333	  11810.45	      2948	    108.47	1
334	  11889.40	      2412	    105.66	1
335	  11893.96	      1876	    103.70	1
336	  11977.47	      2412	    101.74	1
337	  11982.03	      2144	    100.15	1
338	  12063.27	      2680	     98.38	1
339	  12067.83	      2412	     96.71	1
340	  12146.78	      1876	    105.12	1
341	  12230.30	      2412	    112.35	1
342	  12234.86	      2948	    109.31	1
343	  12316.09	      2680	    106.39	1
344	  12320.65	      2144	    104.35	1
345	  12399.61	      1876	    111.93	1
346	  12483.12	      1340	    118.31	1
347	  12568.92	      1876	    114.15	1
348	  12652.43	      2412	    121.00	1
349	  12656.99	      1876	    116.88	1
350	  12740.50	      1340	    113.27	1
351	  12826.30	      1072	    109.86	1
352	  13109.81	       804	    131.50	1
353	  13195.61	      1340	    125.81	1
354	  13281.40	      1072	    120.84	1
355	  13564.92	       536	    141.11	1
356	  13650.71	      1072	    134.22	1
357	  13736.50	      1608	    128.19	1
358	  13820.02	      1608	    133.42	1
359	  13903.53	      1876	    137.62	1
360	  13987.05	      2412	    141.29	1
361	  13991.61	      2948	    134.63	1
362	  14072.84	      2948	    128.42	1
363	  14077.40	      3484	    123.62	1
364	  14156.36	      3752	    128.79	1
365	  14160.92	      3216	    123.69	1
366	  14165.48	      2680	    119.23	1
367	  14239.87	      2144	    124.58	1
368	  14248.99	      1608	    120.01	1
369	  14332.51	      2144	    116.63	1
370	  14337.07	      2680	    113.18	1
371	  14418.30	      2144	    109.78	1
372	  14422.86	      2412	    107.31	1
373	  14504.09	      2680	    104.64	1
374	  14508.65	      2412	    102.31	1
375	  14587.61	      1876	    110.15	1
376	  14671.12	      1608	    116.75	1
377	  14754.64	      2144	    123.04	1
378	  14759.20	      2680	    118.66	1
379	  14840.43	      3216	    114.57	1
380	  14844.99	      2948	    111.50	1
381	  14849.55	      2948	    108.81	1
382	  14928.51	      2412	    106.21	1
383	  14933.07	      2680	    104.06	1
384	  15014.30	      2948	    101.80	1
385	  15018.86	      2412	    100.33	1
386	  15097.82	      2144	    108.29	1
387	  15104.66	      1876	    105.50	1
388	  15188.17	      2412	    103.69	1
389	  15192.73	      2948	    101.73	1
390	  15273.96	      2680	     99.64	1
391	  15278.52	      2948	     98.43	1
392	  15357.48	      3216	    106.75	1
393	  15362.04	      3752	    104.53	1
394	  15366.60	      4288	    102.47	1
395	  15443.27	      3752	    100.41	1
396	  15447.83	      3484	     99.11	1
397	  15452.39	      2948	     97.97	1
398	  15526.79	      3484	    105.72	1
399	  15535.91	      3216	    103.51	1
400	  15540.47	      2948	    101.57	1
401	  15612.58	      2680	     99.62	1
402	  15623.98	      2680	     98.17	1
403	  15696.10	      3216	    105.40	1
404	  15707.50	      3484	    104.10	1
405	  15712.06	      3752	    102.21	1
406	  15781.89	      3216	    100.06	1
407	  15793.29	      2680	     98.30	1
408	  15797.85	      2948	     97.26	1
409	  15876.81	      2948	     96.98	1
410	  15881.36	      3484	     95.86	1
411	  15960.32	      3216	    104.25	1
412	  15964.88	      3752	    102.22	1
413	  15969.44	      3484	    100.44	1
414	  16046.11	      2948	     98.64	1
415	  16050.67	      3216	     97.56	1
416	  16129.63	      2948	    105.36	1
417	  16134.19	      3484	    103.19	1
418	  16213.14	      2948	    110.67	1
419	  16217.70	      2412	    107.83	1
420	  16296.66	      2412	    114.61	1
421	  16303.50	      1876	    111.03	1
422	  16387.01	      2412	    108.53	1
423	  16391.57	      2144	    105.96	1
424	  16472.81	      1608	    103.34	1
425	  16556.32	      2144	    111.05	1
426	  16560.88	      1608	    108.17	1
427	  16644.39	      1876	    105.64	1
428	  16727.91	      1340	    113.31	1
429	  16813.70	      1876	    109.90	1
430	  16897.22	      1340	    117.41	1
431	  16983.01	      1608	    113.49	1
432	  17066.53	      1876	    120.42	1
433	  17150.04	      1876	    126.25	1
434	  17233.56	      1340	    131.34	1
435	  17517.07	       804	    150.42	1
436	  17800.58	       804	    167.00	1
437	  18084.10	       536	    181.62	1
438	  18367.61	       536	    194.29	1
439	  18453.41	      1072	    180.76	1
440	  18736.92	       536	    193.54	1
441	  18822.72	      1072	    180.09	1
442	  18908.51	      1608	    168.33	1
443	  18992.03	      2144	    168.54	1
444	  18996.58	      2680	    158.47	1
445	  19077.82	      2412	    149.29	1
446	  19082.38	      2948	    141.88	1
447	  19163.61	      2412	    134.89	1
448	  19168.17	      2948	    129.41	1
449	  19249.41	      2948	    123.98	1
450	  19253.97	      3484	    119.73	1
451	  19332.92	      3216	    125.27	1
452	  19337.48	      3752	    120.61	1
453	  19342.04	      4020	    116.66	1
454	  19418.72	      3752	    112.83	1
455	  19423.28	      3752	    110.10	1
456	  19427.84	      4020	    107.58	1
457	  19502.23	      3752	    114.14	1
458	  19506.79	      4288	    110.87	1
459	  19511.35	      4556	    108.01	1
460	  19585.74	      5092	    114.26	1
461	  19590.31	      4824	    110.98	1
462	  19594.87	      4288	    108.11	1
463	  19599.42	      4556	    105.59	1
464	  19669.26	      5092	    112.14	1
465	  19673.82	      5360	    109.12	1
466	  19680.66	      5092	    106.23	1
467	  19685.22	      5628	    103.70	1
468	  19752.77	      5896	    109.87	1
469	  19757.33	      5628	    107.13	1
470	  19764.17	      6164	    105.12	1
471	  19768.73	      6164	    102.98	1
472	  19773.29	      6164	    101.11	1
473	  19836.29	      6700	    107.34	1
474	  19843.13	      6968	    104.67	1
475	  19847.69	      7504	    102.84	1
476	  19852.25	      8040	    100.98	1
477	  19856.81	      7504	     99.36	1
478	  19861.37	      7504	     97.94	1
479	  19922.08	      8040	     96.45	1
480	  19926.64	      8576	     95.64	1
481	  19931.20	      9112	     94.69	1
482	  19935.76	      9648	     93.85	1
483	  19940.32	     10184	     93.75	1
484	  19944.88	     10452	     93.03	1
485	  19949.44	     10184	     92.40	1
486	  20005.60	      9648	     98.85	1
487	  20010.16	     10184	     97.49	1
488	  20014.72	      9916	     96.31	1
489	  20019.28	     10452	     95.89	1
490	  20023.84	     10720	     95.41	1
491	  20028.40	     10184	     95.11	1
492	  20032.96	     10452	     95.34	1
493	  20037.52	     10988	     95.55	1
494	  20042.08	     11524	     95.86	1
495	  20091.39	     11524	     94.62	1
496	  20095.95	     10988	     94.05	1
497	  20100.51	     10720	     93.54	1
498	  20105.07	     10988	     93.22	1
499	  20109.63	     11256	     92.82	1
500	  20114.19	     11256	     92.59	1
501	  20118.75	     11524	     92.27	1
502	  20123.31	     11524	     92.11	1
503	  20127.87	     12060	     92.47	1
504	  20132.43	     12060	     92.79	1
505	  20136.99	     11792	     92.94	1
506	  20179.47	     11256	     92.32	1
507	  20186.31	     11256	     91.53	1
508	  20190.87	     11792	     91.34	1
509	  20195.43	     12328	     91.17	1
510	  20199.99	     12864	     91.03	1
511	  20204.55	     12328	     90.90	1
512	  20209.11	     12328	     90.91	1
513	  20213.67	     11792	     90.80	1
514	  20218.23	     12060	     91.32	1
515	  20222.79	     11524	     91.78	1
516	  20262.98	     12060	     96.06	1
517	  20269.82	     12060	     95.30	1
518	  20274.38	     11524	     94.39	1
519	  20278.94	     11524	     93.59	1
520	  20283.50	     11524	     93.52	1
521	  20288.06	     10988	     93.45	1
522	  20292.62	     11524	     93.39	1
523	  20297.18	     10988	     93.35	1
524	  20301.74	     10452	     92.68	1
525	  20306.30	     10988	     92.72	1
526	  20310.86	     11256	     92.13	1
527	  20346.49	     11256	     96.11	1
528	  20353.33	     11792	     95.47	1
529	  20360.17	     12328	     94.29	1
530	  20364.74	     12060	     93.25	1
531	  20371.58	     12060	     92.60	1
532	  20376.13	     11792	     92.02	1
533	  20380.69	     12328	     91.52	1
534	  20387.53	     11792	     90.83	1
535	  20392.10	     11792	     90.85	1
536	  20396.65	     11792	     90.74	1
537	  20430.01	     11524	     94.40	1
538	  20434.57	     11792	     93.60	1
539	  20439.13	     12060	     92.65	1
540	  20443.69	     11792	     92.32	1
541	  20448.25	     11524	     91.78	1
542	  20455.09	     10988	     91.68	1
543	  20461.93	     10720	     90.85	1
544	  20466.49	     11256	     90.74	1
545	  20473.33	     11792	     90.15	1
546	  20477.89	     12060	     89.50	1
547	  20482.45	     11524	     89.07	1
548	  20515.80	     10988	     88.56	1
549	  20520.36	     11524	     88.24	1
550	  20524.92	     11256	     88.46	1
551	  20529.48	     10988	     88.15	1
552	  20538.60	     10720	     88.38	1
553	  20547.72	     10720	     88.08	1
554	  20552.28	     10720	     88.45	1
555	  20556.84	     10720	     88.64	1
556	  20561.40	     10452	     88.56	1
557	  20565.96	     10184	     88.99	1
558	  20599.32	      9916	     92.49	1
559	  20603.88	      9380	     91.93	1
560	  20608.44	      8844	     91.44	1
561	  20613.00	      9112	     91.01	1
562	  20624.40	      9112	     90.38	1
563	  20633.52	      8576	     89.83	1
564	  20638.08	      8308	     89.36	1
565	  20642.64	      8308	     88.94	1
566	  20649.48	      8040	     88.82	1
567	  20682.83	      8040	     92.34	1
568	  20691.95	      8576	     91.80	1
569	  20696.51	      8308	     91.32	1
570	  20707.91	      8040	     91.78	1
571	  20719.31	      7504	     91.06	1
572	  20723.87	      8040	     90.30	1
573	  20732.99	      8308	     90.27	1
574	  20766.35	      8040	     93.61	1
575	  20770.91	      8040	     92.91	1
576	  20777.75	      7772	     92.04	1
577	  20791.43	      7236	     92.41	1
578	  20805.11	      7772	     91.61	1
579	  20809.67	      7236	     91.41	1
580	  20814.23	      7772	     91.36	1
581	  20849.86	      7504	     94.56	1
582	  20854.42	      7504	     93.74	1
583	  20861.26	      8040	     93.40	1
584	  20877.22	      7772	     92.47	1
585	  20888.62	      7772	     93.04	1
586	  20895.46	      7236	     92.16	1
587	  20900.02	      7236	     92.02	1
588	  20935.66	      7236	     91.26	1
589	  20940.22	      6700	     90.61	1
590	  20944.78	      6968	     90.53	1
591	  20960.74	      6700	     91.59	1
592	  20972.14	      6164	     92.02	1
593	  20981.26	      6432	     91.26	1
594	  20985.82	      6700	     90.48	1
595	  21026.01	      7236	     89.92	1
596	  21030.57	      7504	     89.93	1
597	  21055.65	      6968	     90.56	1
598	  21060.21	      6700	     90.24	1
599	  21067.05	      6432	     89.71	1
600	  21071.61	      5896	     89.25	1
601	  21076.17	      5360	     89.47	1
602	  21111.81	      4824	     88.91	1
603	  21139.17	      4288	     91.42	1
604	  21146.01	      4020	     90.74	1
605	  21155.12	      4556	     90.40	1
606	  21195.32	      4288	     93.97	1
607	  21229.52	      4020	     93.48	1
608	  21234.08	      3484	     92.79	1
609	  21240.92	      4020	     91.82	1
610	  21313.03	      4556	     95.09	1
611	  21319.87	      4556	     93.83	1
612	  21324.43	      4556	     93.35	1
613	  21328.99	      4288	     92.68	1
614	  21398.83	      3752	     91.72	1
615	  21405.67	      3484	     91.01	1
616	  21410.23	      3484	     90.38	1
617	  21482.34	      3216	     98.33	1
618	  21491.46	      3752	     96.79	1
619	  21496.02	      3752	     95.44	1
620	  21568.14	      3484	     94.26	1
621	  21574.98	      3216	     93.98	1
622	  21579.54	      2948	     93.23	1
623	  21653.93	      3484	     92.20	1
624	  21663.05	      3752	     91.80	1
625	  21667.61	      3216	     91.33	1
626	  21739.72	      3484	     90.66	1
627	  21746.56	      2948	     90.95	1
628	  21753.40	      2948	     90.33	1
629	  21830.08	      2948	     90.42	1
630	  21836.92	      2680	     90.36	1
631	  21913.59	      2412	     99.07	1
632	  21920.43	      2144	     97.94	1
633	  21999.39	      2680	     96.44	1
634	  22006.23	      2144	     95.14	1
635	  22082.90	      2680	    103.50	1
636	  22092.02	      2948	    101.31	1
637	  22166.42	      2412	    108.64	1
638	  22175.54	      2412	    106.69	1
639	  22252.21	      2948	    104.10	1
640	  22261.33	      2412	    101.84	1
641	  22335.73	      2144	    109.11	1
642	  22347.13	      2412	    106.22	1
643	  22421.52	      2144	    103.69	1
644	  22432.92	      1608	    101.36	1
645	  22516.44	      1072	    100.56	1
646	  22602.23	      1340	     98.74	1
647	  22688.02	      1608	     97.15	1
648	  22771.54	      2144	    106.13	1
649	  22776.10	      1608	    103.86	1
650	  22859.61	      1072	    101.88	1
651	  22945.41	      1608	     99.90	1
652	  23028.92	      1340	    108.53	1
653	  23114.72	      1340	    105.72	1
654	  23398.23	       804	    128.00	1
655	  23681.74	       536	    147.38	1
656	  23767.54	      1072	    139.71	1
657	  23853.33	      1340	    132.99	1
658	  24136.85	       804	    151.74	1
659	  24420.36	       536	    168.28	1
660	  24506.16	      1072	    157.99	1
661	  24591.95	      1608	    148.87	1
662	  24675.47	      1608	    151.38	1
663	  24758.98	      2144	    153.34	1
664	  24763.54	      1608	    145.17	1
665	  24847.05	      2144	    138.15	1
666	  24851.61	      2680	    131.88	1
667	  24932.85	      3216	    126.02	1
668	  24937.41	      3752	    121.52	1
669	  24941.97	      4288	    117.58	1
670	  25018.64	      3752	    113.63	1
671	  25023.20	      4288	    110.80	1
672	  25027.76	      4824	    108.20	1
673	  25102.16	      5360	    114.80	1
674	  25106.72	      5360	    111.45	1
675	  25111.28	      5896	    108.52	1
676	  25115.84	      5628	    106.45	1
677	  25120.40	      6164	    104.77	1
678	  25187.95	      6700	    102.30	1
679	  25192.51	      7236	    100.26	1
680	  25197.07	      7772	     99.11	1
681	  25201.63	      8308	     97.47	1
682	  25206.19	      8040	     96.66	1
683	  25210.75	      8040	     95.83	1
684	  25273.75	      7504	     94.60	1
685	  25278.31	      8040	     94.15	1
686	  25282.87	      8576	     93.63	1
687	  25287.43	      8308	     93.80	1
688	  25291.99	      7772	     93.83	1
689	  25296.55	      7236	     93.97	1
690	  25301.11	      6700	     94.10	1
691	  25359.54	      6968	     93.09	1
692	  25364.10	      7504	     92.83	1
693	  25368.66	      6968	     92.47	1
694	  25373.22	      7504	     92.29	1
695	  25377.78	      6968	     92.00	1
696	  25386.90	      7236	     91.13	1
697	  25443.06	      7772	     97.49	1
698	  25447.62	      8308	     96.30	1
699	  25452.17	      8844	     95.26	1
700	  25456.74	      8308	     94.36	1
701	  25461.29	      7772	     93.56	1
702	  25465.85	      7772	     92.87	1
703	  25472.69	      7504	     92.01	1
704	  25526.57	      7236	     98.01	1
705	  25531.13	      7772	     96.75	1
706	  25535.69	      8308	     95.66	1
707	  25540.25	      8844	     95.33	1
708	  25544.81	      8308	     94.41	1
709	  25549.37	      8576	     93.61	1
710	  25558.49	      9112	     92.66	1
711	  25612.36	      8576	     91.83	1
712	  25616.92	      8576	     91.60	1
713	  25621.48	      8040	     91.40	1
714	  25626.04	      8308	     91.35	1
715	  25630.60	      8040	     91.81	1
716	  25635.16	      8308	     91.70	1
717	  25639.72	      8844	     91.49	1
718	  25644.28	      8576	     91.93	1
719	  25698.16	      8308	     91.19	1
720	  25705.00	      8040	     90.79	1
721	  25709.56	      8308	     90.44	1
722	  25714.12	      7772	     90.14	1
723	  25718.68	      7236	     89.87	1
724	  25723.24	      6968	     89.64	1
725	  25727.80	      6700	     89.93	1
726	  25732.36	      6700	     89.69	1
727	  25788.51	      7236	     89.73	1
728	  25793.07	      7772	     89.64	1
729	  25797.63	      7236	     89.43	1
730	  25806.75	      7236	     89.25	1
731	  25813.59	      7772	     88.85	1
732	  25818.15	      8308	     88.49	1
733	  25822.71	      8576	     88.68	1
734	  25874.31	      8308	     88.34	1
735	  25878.87	      8308	     88.55	1
736	  25883.43	      8040	     88.23	1
737	  25892.55	      7504	     87.95	1
738	  25897.11	      7236	     88.33	1
739	  25901.67	      7236	     88.29	1
740	  25906.23	      7236	     88.26	1
741	  25910.79	      7772	     88.22	1
742	  25960.10	      7236	     87.95	1
743	  25966.94	      7772	     87.95	1
744	  25978.34	      8308	     87.71	1
745	  25982.90	      8308	     87.37	1
746	  25987.46	      8040	     87.20	1
747	  25992.02	      7772	     87.05	1
748	  25996.58	      7504	     87.42	1
749	  26045.90	      7236	     87.11	1
750	  26050.46	      7772	     87.48	1
751	  26055.02	      8308	     87.67	1
752	  26064.14	      8844	     87.46	1
753	  26070.98	      8308	     87.53	1
754	  26075.54	      8844	     87.58	1
755	  26082.38	      8308	     87.39	1
756	  26131.69	      8040	     87.21	1
757	  26136.25	      8040	     87.69	1
758	  26140.81	      7772	     87.98	1
759	  26145.37	      7236	     88.23	1
760	  26149.93	      7236	     88.95	1
761	  26156.77	      6968	     88.58	1
762	  26161.33	      6432	     88.88	1
763	  26215.20	      5896	     94.40	1
764	  26219.76	      5896	     93.60	1
765	  26224.32	      5628	     92.90	1
766	  26231.16	      5360	     92.04	1
767	  26240.28	      5896	     91.91	1
768	  26298.72	      5360	     97.54	1
769	  26303.28	      5360	     96.35	1
770	  26310.12	      5092	     95.06	1
771	  26316.96	      4824	     93.80	1
772	  26323.80	      5092	     93.57	1
773	  26384.51	      4556	     92.63	1
774	  26393.63	      4288	     92.30	1
775	  26400.47	      4020	     92.01	1
776	  26407.31	      4556	     91.89	1
777	  26470.31	      4556	     91.15	1
778	  26483.99	      4556	     91.01	1
779	  26488.55	      4020	     90.63	1
780	  26493.11	      3484	     90.05	1
781	  26556.10	      2948	     89.55	1
782	  26572.06	      3484	     89.48	1
783	  26639.62	      3752	     96.54	1
784	  26644.18	      3484	     95.47	1
785	  26657.86	      4020	     94.17	1
786	  26723.13	      3752	    101.27	1
787	  26729.97	      3752	     99.23	1
788	  26741.37	      3216	     98.96	1
789	  26806.65	      2948	    105.21	1
790	  26813.49	      2412	    103.31	1
791	  26890.16	      2412	    109.02	1
792	  26899.28	      2948	    106.14	1
793	  26975.95	      2412	    103.50	1
794	  26982.79	      2412	    102.06	1
795	  27061.75	      2680	    100.06	1
796	  27068.59	      2144	     98.30	1
797	  27145.26	      2680	    106.39	1
798	  27154.38	      2144	    103.84	1
799	  27228.78	      2680	    110.86	1
800	  27240.18	      2144	    107.75	1
801	  27312.29	      2680	    114.03	1
802	  27325.97	      2144	    110.40	1
803	  27395.81	      1876	    115.98	1
804	  27479.32	      1608	    120.73	1
805	  27562.83	      1072	    126.51	1
806	  27846.35	       804	    146.20	1
807	  28129.86	       536	    163.30	1
808	  28215.66	      1072	    153.64	1
809	  28499.17	       536	    169.93	1
810	  28584.97	      1072	    159.32	1
811	  28670.76	      1608	    150.15	1
812	  28754.28	      1608	    152.63	1
813	  28837.79	      2144	    154.43	1
814	  28842.35	      2144	    146.12	1
815	  28923.58	      2144	    138.61	1
816	  28928.14	      2680	    132.03	1
817	  29009.38	      2948	    126.28	1
818	  29013.94	      2412	    121.74	1
819	  29092.89	      1876	    127.03	1
820	  29176.41	      1876	    131.52	1
821	  29259.92	      1340	    135.96	1
822	  29345.72	      1608	    129.71	1
823	  29429.23	      1876	    134.75	1
824	  29512.74	      2412	    138.78	1
825	  29517.31	      2948	    132.43	1
826	  29598.54	      3484	    126.63	1
827	  29603.10	      3484	    122.17	1
828	  29607.66	      4020	    118.15	1
829	  29684.33	      3484	    114.13	1
830	  29688.89	      3484	    110.49	1
831	  29693.45	      2948	    107.93	1
832	  29770.13	      2412	    105.19	1
833	  29776.97	      1876	    103.04	1
834	  29860.48	      2412	    101.41	1
835	  29865.04	      2144	     99.86	1
836	  29946.28	      1608	     98.13	1
837	  30029.79	      1876	    106.36	1
838	  30113.31	      1876	    113.94	1
839	  30196.82	      1608	    120.57	1
840	  30280.33	      1608	    126.38	1
841	  30363.85	      1340	    131.45	1
842	  30449.64	      1608	    125.77	1
843	  30533.16	      1072	    131.30	1
844	  30816.67	       536	    150.26	1
845	  31100.19	       804	    166.98	1
846	  31185.98	      1340	    156.73	1
847	  31271.78	      1876	    147.89	1
848	  31355.29	      2412	    150.65	1
849	  31359.85	      1876	    142.82	1
850	  31443.36	      1340	    135.97	1
851	  31529.16	      1876	    129.72	1
852	  31612.67	      2412	    134.63	1
853	  31617.23	      2948	    128.80	1
854	  31698.47	      2948	    123.45	1
855	  31703.03	      3484	    119.40	1
856	  31781.98	      4020	    124.97	1
857	  31786.54	      4288	    120.35	1
858	  31791.10	      3752	    116.31	1
859	  31865.50	      3484	    122.02	1
860	  31870.06	      4020	    117.89	1
861	  31874.62	      4556	    114.15	1
862	  31951.29	      5092	    110.64	1
863	  31955.85	      5628	    108.06	1
864	  31960.41	      6164	    105.80	1
865	  31964.97	      6700	    103.82	1
866	  32034.81	      6164	    110.85	1
867	  32039.37	      6164	    107.99	1
868	  32043.92	      6700	    105.49	1
869	  32048.49	      6432	    103.93	1
870	  32053.04	      6432	    102.56	1
871	  32118.32	      5896	    108.99	1
872	  32122.88	      5360	    106.37	1
873	  32127.44	      5092	    104.07	1
874	  32132.00	      5628	    102.06	1
875	  32136.56	      6164	    100.31	1
876	  32201.83	      6700	    106.27	1
877	  32210.95	      7236	    103.98	1
878	  32215.51	      7236	    101.99	1
879	  32220.07	      6700	    100.36	1
880	  32224.63	      6164	     99.44	1
881	  32229.19	      6700	     98.64	1
882	  32287.63	      6968	     97.06	1
883	  32292.19	      6432	     96.30	1
884	  32296.75	      5896	     95.01	1
885	  32308.15	      6432	     94.14	1
886	  32312.71	      6700	     93.37	1
887	  32317.27	      6968	     92.70	1
888	  32371.14	      6700	     98.86	1
889	  32380.26	      6164	     97.50	1
890	  32384.82	      6700	     96.31	1
891	  32393.94	      6164	     94.90	1
892	  32398.50	      6700	     93.79	1
893	  32403.06	      7236	     93.44	1
894	  32463.78	      6700	     93.26	1
895	  32468.34	      6968	     92.60	1
896	  32477.46	      7504	     92.65	1
897	  32482.02	      7236	     92.19	1
898	  32486.58	      7504	     91.67	1
899	  32491.14	      6968	     91.84	1
900	  32549.57	      6968	     91.11	1
901	  32554.13	      6432	     91.09	1
902	  32558.69	      5896	     90.96	1
903	  32563.25	      5628	     90.34	1
904	  32567.81	      5092	     89.67	1
905	  32574.65	      5092	     89.46	1
906	  32633.09	      5628	     96.03	1
907	  32642.21	      5360	     95.03	1
908	  32651.33	      4824	     94.15	1
909	  32658.17	      4288	     93.75	1
910	  32662.73	      3752	     93.03	1
911	  32718.88	      3752	     92.03	1
912	  32734.84	      3484	     92.03	1
913	  32746.24	      4020	     91.52	1
914	  32802.39	      4020	     97.58	1
915	  32820.64	      3752	     96.13	1
916	  32829.75	      3752	     95.99	1
917	  32885.91	      3216	    101.37	1
918	  32904.15	      3216	    101.45	1
919	  32913.27	      2680	    100.39	1
920	  32971.70	      3216	     98.59	1
921	  32996.78	      2680	     97.77	1
922	  33001.34	      2144	     96.55	1
923	  33080.30	      2144	     98.10	1
924	  33087.14	      2680	     96.59	1
925	  33166.09	      3216	     95.27	1
926	  33170.65	      2680	     94.61	1
927	  33175.21	      3216	     93.78	1
928	  33254.17	      2680	     93.06	1
929	  33258.73	      2144	     92.43	1
930	  33337.68	      1608	    101.12	1
931	  33421.19	      1876	    108.86	1
932	  33504.71	      2144	    116.13	1
933	  33509.27	      1608	    112.61	1
934	  33592.78	      2144	    109.53	1
935	  33597.34	      2680	    106.84	1
936	  33678.58	      2680	    104.24	1
937	  33683.14	      3216	    102.58	1
938	  33762.09	      2680	    110.38	1
939	  33766.65	      2144	    107.59	1
940	  33845.61	      2680	    114.39	1
941	  33852.45	      2144	    110.84	1
942	  33929.12	      2680	    117.36	1
943	  33938.24	      2948	    113.44	1
944	  34012.64	      2412	    119.26	1
945	  34021.76	      1876	    115.85	1
946	  34105.27	      1340	    113.00	1
947	  34388.79	       804	    134.25	1
948	  34672.30	       536	    152.97	1
949	  34758.09	      1072	    144.59	1
950	  34843.89	      1608	    137.15	1
951	  34927.40	      2144	    141.13	1
952	  34931.96	      2680	    134.49	1
953	  35013.20	      2680	    128.43	1
954	  35017.76	      2680	    123.62	1
955	  35096.71	      2680	    128.79	1
956	  35101.27	      3216	    123.69	1
957	  35180.23	      3752	    128.61	1
958	  35184.79	      3216	    123.53	1
959	  35189.35	      3752	    119.09	1
960	  35263.74	      4288	    124.45	1
961	  35270.58	      4824	    119.65	1
962	  35275.14	      4556	    116.07	1
963	  35279.70	      5092	    112.81	1
964	  35349.54	      5628	    109.46	1
965	  35354.10	      6164	    107.15	1
966	  35360.93	      5628	    104.38	1
967	  35365.50	      5092	    102.58	1
968	  35370.06	      5628	    101.14	1
969	  35435.33	      5896	     99.24	1
970	  35439.89	      5360	     98.09	1
971	  35449.01	      5360	     96.95	1
972	  35453.57	      5360	     95.83	1
973	  35458.13	      5360	     94.85	1
974	  35518.84	      4824	    101.50	1
975	  35525.68	      4556	     99.56	1
976	  35534.80	      5092	     97.74	1
977	  35539.36	      4824	     96.27	1
978	  35602.36	      5360	    102.24	1
979	  35611.48	      4824	    100.21	1
980	  35618.32	      5092	     99.31	1
981	  35620.56	      5628	     97.64	1
