idx	time(ms)  	cwnd(bytes)	rtt(ms)   	loss(0-loss)
0	    447.74	       536	    105.81	1
1	    731.25	       536	    128.09	1
2	    817.05	      1072	    122.83	1
3	    902.84	      1072	    118.10	1
4	   1186.36	       804	    138.83	1
5	   1469.87	       804	    156.85	1
6	   1753.39	       536	    172.75	1
7	   1839.18	      1072	    161.91	1
8	   1924.98	      1608	    152.29	1
9	   2008.49	      2144	    154.38	1
10	   2013.05	      2680	    146.21	1
11	   2094.28	      3216	    138.68	1
12	   2098.84	      2680	    132.60	1
13	   2103.41	      3216	    127.27	1
14	   2182.36	      3216	    122.36	1
15	   2186.92	      2680	    118.07	1
16	   2191.48	      2680	    114.31	1
17	   2270.43	      3216	    111.02	1
18	   2274.99	      3752	    108.14	1
19	   2279.55	      4288	    105.62	1
20	   2356.23	      4824	    103.17	1
21	   2360.79	      4288	    101.53	1
22	   2365.35	      3752	    100.21	1
23	   2369.91	      4288	     98.93	1
24	   2439.74	      4824	    106.57	1
25	   2448.86	      5360	    104.25	1
26	   2453.42	      5896	    102.22	1
27	   2457.98	      5360	    100.44	1
28	   2523.26	      5092	    107.13	1
29	   2527.82	      4824	    104.74	1
30	   2534.66	      4824	    102.40	1
31	   2539.22	      4824	    100.97	1
32	   2606.77	      5360	    106.98	1
33	   2611.33	      5896	    104.61	1
34	   2618.17	      5628	    102.90	1
35	   2622.73	      5092	    101.04	1
36	   2627.29	      5092	     99.41	1
37	   2692.57	      5360	     97.73	1
38	   2697.13	      5360	     96.89	1
39	   2706.25	      5092	     95.78	1
40	   2710.81	      5092	     94.81	1
41	   2715.37	      5628	     93.96	1
42	   2778.36	      5092	     92.96	1
43	   2789.76	      4556	     92.84	1
44	   2794.32	      4824	     92.24	1
45	   2798.88	      5360	     91.71	1
46	   2861.88	      4824	     98.49	1
47	   2875.55	      5092	     96.93	1
48	   2880.11	      5092	     96.19	1
49	   2884.68	      4556	     95.42	1
50	   2945.39	      4824	    101.86	1
51	   2959.07	      4556	    101.38	1
52	   2963.63	      4556	     99.71	1
53	   2970.47	      4556	     98.00	1
54	   3028.90	      4020	    103.75	1
55	   3044.86	      4020	    101.40	1
56	   3049.42	      3484	     99.48	1
57	   3112.42	      3216	    104.79	1
58	   3128.38	      2680	    104.19	1
59	   3135.22	      3216	    101.92	1
60	   3211.89	      2948	    101.55	1
61	   3216.45	      2412	     99.86	1
62	   3295.41	      1876	    107.38	1
63	   3378.92	      1340	    114.20	1
64	   3464.72	      1876	    110.68	1
65	   3548.23	      1340	    118.09	1
66	   3831.74	       804	    138.71	1
67	   3917.54	      1340	    132.12	1
68	   4003.33	      1876	    126.35	1
69	   4086.85	      2412	    131.69	1
70	   4091.41	      2948	    126.22	1
71	   4172.64	      2412	    121.20	1
72	   4177.20	      2948	    117.42	1
73	   4258.44	      2412	    113.49	1
74	   4263.00	      2948	    110.56	1
75	   4344.23	      2948	    107.49	1
76	   4348.79	      2412	    105.30	1
77	   4427.74	      2948	    112.76	1
78	   4434.59	      3484	    109.42	1
79	   4511.26	      4020	    116.12	1
80	   4515.82	      4556	    112.60	1
81	   4520.38	      4288	    109.28	1
82	   4594.77	      4288	    115.62	1
83	   4599.33	      4556	    112.16	1
84	   4603.89	      5092	    109.14	1
85	   4608.45	      5628	    106.50	1
86	   4680.57	      6164	    103.94	1
87	   4685.13	      5628	    101.70	1
88	   4689.69	      5092	    100.23	1
89	   4694.25	      4556	     99.08	1
90	   4698.81	      4556	     97.94	1
91	   4764.08	      4020	    105.20	1
92	   4773.20	      3484	    103.05	1
93	   4780.04	      4020	    100.92	1
94	   4847.60	      4556	    106.93	1
95	   4859.00	      5092	    104.19	1
96	   4863.56	      4824	    102.42	1
97	   4868.12	      4556	    100.61	1
98	   4933.39	      4020	     98.79	1
99	   4942.51	      3484	     98.31	1
100	   4947.07	      2948	     97.15	1
101	   5016.91	      3216	    103.50	1
102	   5030.59	      2680	    101.57	1
103	   5035.15	      2412	     99.87	1
104	   5114.10	      2680	     99.64	1
105	   5120.94	      2144	     97.81	1
106	   5197.61	      2144	    105.83	1
107	   5206.73	      1608	    103.35	1
108	   5290.25	      2144	    102.06	1
109	   5294.81	      1608	    100.30	1
110	   5378.32	      1072	     98.76	1
111	   5661.84	       536	    121.79	1
112	   5945.35	       536	    142.07	1
113	   6031.15	      1072	    135.06	1
114	   6116.94	      1608	    128.80	1
115	   6200.45	      1876	    133.83	1
116	   6283.97	      1340	    137.97	1
117	   6369.76	      1876	    131.48	1
118	   6453.28	      2412	    136.29	1
119	   6457.84	      1876	    130.26	1
120	   6541.35	      2412	    124.97	1
121	   6545.91	      2144	    120.35	1
122	   6627.15	      2680	    116.06	1
123	   6631.71	      2144	    112.30	1
124	   6710.66	      2680	    118.89	1
125	   6717.50	      2144	    114.78	1
126	   6794.18	      2144	    120.81	1
127	   6803.30	      2680	    116.45	1
128	   6879.97	      3216	    112.52	1
129	   6886.81	      2680	    109.96	1
130	   6891.37	      3216	    107.21	1
131	   6970.32	      3752	    105.19	1
132	   6974.89	      4288	    103.04	1
133	   6979.44	      4824	    101.16	1
134	   7053.84	      4824	    108.76	1
135	   7058.40	      5092	    106.17	1
136	   7062.96	      4556	    103.90	1
137	   7067.52	      4556	    102.53	1
138	   7137.35	      4020	    109.47	1
139	   7141.91	      4288	    106.78	1
140	   7148.75	      4824	    104.19	1
141	   7220.87	      4288	    110.29	1
142	   7225.43	      3752	    107.50	1
143	   7229.99	      4288	    105.06	1
144	   7234.55	      4020	    103.56	1
145	   7308.94	      4556	    101.61	1
146	   7313.50	      4556	     99.91	1
147	   7318.06	      4020	     98.55	1
148	   7322.62	      3752	     97.23	1
149	   7394.74	      3216	     95.82	1
150	   7401.58	      2948	     94.85	1
151	   7406.14	      2412	     93.99	1
152	   7485.09	      2144	     93.62	1
153	   7491.93	      1608	     92.54	1
154	   7575.45	      1340	     92.22	1
155	   7858.96	       804	    116.07	1
156	   8142.47	       536	    137.06	1
157	   8228.27	      1072	    130.68	1
158	   8314.06	      1608	    125.09	1
159	   8397.58	      2144	    130.58	1
160	   8402.14	      1876	    125.26	1
161	   8485.65	      2412	    120.60	1
162	   8490.21	      2948	    116.53	1
163	   8571.45	      2412	    112.71	1
164	   8576.01	      2680	    110.00	1
165	   8657.24	      2144	    107.00	1
166	   8661.80	      2680	    104.87	1
167	   8743.03	      3216	    102.51	1
168	   8747.59	      2680	    100.95	1
169	   8752.16	      2412	     99.70	1
170	   8831.11	      1876	     98.24	1
171	   8914.62	      2412	    106.21	1
172	   8919.18	      1876	    103.94	1
173	   9002.70	      1340	    101.94	1
174	   9088.49	      1876	     99.95	1
175	   9172.01	      1608	    108.71	1
176	   9255.52	      1876	    115.99	1
177	   9339.04	      2412	    122.37	1
178	   9343.60	      1876	    118.07	1
179	   9427.11	      1876	    114.31	1
180	   9510.62	      2412	    120.90	1
181	   9515.18	      2948	    116.79	1
182	   9596.42	      2948	    112.94	1
183	   9600.98	      2412	    110.07	1
184	   9679.93	      2680	    116.81	1
185	   9686.77	      2948	    112.96	1
186	   9763.45	      2412	    119.22	1
187	   9770.29	      1876	    115.69	1
188	   9853.80	      1340	    112.48	1
189	   9939.60	      1072	    109.17	1
190	  10223.11	       536	    131.02	1
191	  10506.63	       536	    150.02	1
192	  10592.42	      1072	    142.02	1
193	  10875.93	       536	    159.64	1
194	  10961.73	      1072	    150.43	1
195	  11047.52	      1608	    142.38	1
196	  11131.04	      1072	    145.83	1
197	  11216.83	      1608	    138.23	1
198	  11300.35	      1876	    142.07	1
199	  11383.86	      2412	    145.19	1
200	  11388.42	      2948	    138.04	1
201	  11469.66	      3484	    131.54	1
202	  11474.22	      3216	    126.47	1
203	  11478.77	      3216	    121.91	1
204	  11555.45	      3752	    117.42	1
205	  11560.01	      4288	    113.49	1
206	  11564.57	      4824	    110.06	1
207	  11638.96	      5360	    116.30	1
208	  11643.52	      5896	    112.76	1
209	  11648.08	      5628	    109.67	1
210	  11652.64	      6164	    107.46	1
211	  11657.20	      5896	    105.65	1
212	  11724.76	      5360	    103.19	1
213	  11729.32	      5092	    101.67	1
214	  11733.88	      5360	     99.59	1
215	  11738.44	      4824	     98.39	1
216	  11743.00	      4288	     97.34	1
217	  11812.83	      4288	     96.17	1
218	  11817.39	      4824	     95.15	1
219	  11821.95	      4824	     94.26	1
220	  11828.79	      5360	     93.22	1
221	  11898.63	      5360	     92.32	1
222	  11903.19	      4824	     92.16	1
223	  11907.75	      4556	     91.89	1
224	  11912.31	      4288	     91.78	1
225	  11916.87	      4824	     91.30	1
226	  11986.70	      4556	     90.89	1
227	  11993.54	      4556	     90.28	1
228	  11998.10	      5092	     89.74	1
229	  12002.66	      5092	     89.78	1
230	  12072.50	      5092	     89.30	1
231	  12079.34	      4824	     88.89	1
232	  12083.90	      4288	     89.03	1
233	  12088.46	      4288	     89.15	1
234	  12156.01	      3752	     97.26	1
235	  12162.85	      4288	     96.35	1
236	  12169.69	      4824	     95.06	1
237	  12239.52	      4556	    102.05	1
238	  12244.08	      5092	    100.29	1
239	  12248.65	      5628	     98.51	1
240	  12253.20	      5896	     97.57	1
241	  12325.32	      5896	     96.12	1
242	  12329.88	      6432	     95.36	1
243	  12334.44	      5896	     94.69	1
244	  12339.00	      6164	     94.10	1
245	  12343.56	      5628	     94.21	1
246	  12408.83	      6164	    101.81	1
247	  12413.39	      6164	    100.08	1
248	  12417.95	      6164	     98.57	1
249	  12422.51	      6700	     97.25	1
250	  12429.35	      6164	     95.85	1
251	  12492.35	      6432	    102.49	1
252	  12496.91	      6968	    100.68	1
253	  12501.47	      6968	     99.09	1
254	  12506.03	      6700	     97.83	1
255	  12512.87	      6164	     96.85	1
256	  12517.43	      5628	     95.75	1
257	  12578.14	      6164	     94.53	1
258	  12582.70	      5896	     93.96	1
259	  12587.26	      6432	     93.59	1
260	  12596.38	      5896	     93.14	1
261	  12603.22	      5360	     92.25	1
262	  12661.66	      5092	     98.72	1
263	  12666.22	      5628	     97.38	1
264	  12670.78	      5628	     96.21	1
265	  12679.90	      5092	     95.68	1
266	  12745.17	      5628	    101.47	1
267	  12749.73	      5092	     99.79	1
268	  12754.29	      4556	     98.31	1
269	  12763.41	      5092	     97.65	1
270	  12767.97	      4556	     96.44	1
271	  12833.25	      4556	     95.39	1
272	  12840.09	      4288	     94.21	1
273	  12846.93	      4824	     93.94	1
274	  12853.77	      4824	     92.94	1
275	  12919.04	      4288	     92.08	1
276	  12925.88	      4556	     91.19	1
277	  12930.44	      4020	     91.04	1
278	  12937.28	      4556	     91.04	1
279	  13004.83	      4288	     90.28	1
280	  13013.95	      3752	     90.00	1
281	  13018.51	      3484	     89.75	1
282	  13023.07	      3216	     89.28	1
283	  13097.47	      2680	     89.74	1
284	  13104.31	      3216	     89.28	1
285	  13180.98	      2680	     97.74	1
286	  13185.54	      3216	     96.52	1
287	  13264.50	      2948	    104.46	1
288	  13269.06	      2412	    102.53	1
289	  13348.01	      1876	    110.08	1
290	  13431.53	      2412	    116.57	1
291	  13436.09	      2412	    113.00	1
292	  13517.32	      2412	    109.63	1
293	  13521.88	      2412	    106.55	1
294	  13603.11	      1876	    103.98	1
295	  13686.63	      1340	    111.61	1
296	  13772.42	      1876	    108.41	1
297	  13855.94	      1876	    115.98	1
298	  13939.45	      2412	    122.36	1
299	  13944.01	      2412	    118.19	1
300	  14025.25	      2948	    114.17	1
301	  14029.81	      3484	    110.52	1
302	  14108.76	      4020	    117.20	1
303	  14113.32	      4556	    113.55	1
304	  14117.88	      5092	    110.36	1
305	  14192.28	      4824	    116.94	1
306	  14196.84	      4288	    113.32	1
307	  14201.40	      4824	    110.16	1
308	  14205.96	      5360	    107.89	1
309	  14275.79	      5360	    114.15	1
310	  14282.63	      5896	    110.63	1
311	  14287.19	      5360	    108.18	1
312	  14291.75	      5360	    105.91	1
313	  14296.31	      4824	    104.04	1
314	  14361.58	      4288	    101.79	1
315	  14366.15	      4824	    100.44	1
316	  14372.99	      4288	     98.51	1
317	  14379.83	      4824	     97.19	1
318	  14447.38	      4824	     95.80	1
319	  14451.94	      5092	     95.07	1
320	  14458.78	      4824	     93.94	1
321	  14463.34	      4556	     93.57	1
322	  14530.89	      5092	    100.75	1
323	  14535.45	      5092	     99.16	1
324	  14542.29	      4824	     98.14	1
325	  14549.13	      4288	     96.62	1
326	  14614.41	      3752	    103.42	1
327	  14618.97	      3216	    101.49	1
328	  14625.81	      3752	    100.05	1
329	  14697.92	      4288	    106.05	1
330	  14704.76	      4556	    103.54	1
331	  14709.32	      4556	    101.97	1
332	  14713.88	      4288	    100.23	1
333	  14783.72	      3752	     98.45	1
334	  14790.56	      3216	     96.89	1
335	  14795.12	      3484	     95.53	1
336	  14867.23	      2948	    102.84	1
337	  14876.35	      2680	    100.73	1
338	  14950.75	      2680	    107.52	1
339	  14959.86	      2144	    105.58	1
340	  15034.26	      2144	    112.13	1
341	  15045.66	      2680	    108.86	1
342	  15120.05	      2144	    106.01	1
343	  15129.17	      1876	    104.63	1
344	  15212.69	      2412	    103.05	1
345	  15217.25	      2948	    101.17	1
346	  15298.48	      3484	     99.27	1
347	  15303.04	      3216	     98.24	1
348	  15307.60	      3216	     97.21	1
349	  15384.28	      2948	     95.81	1
350	  15388.84	      2680	     94.46	1
351	  15467.79	      2144	    102.65	1
352	  15472.35	      1608	    100.82	1
353	  15555.87	      1876	     99.22	1
354	  15639.38	      2412	    107.69	1
355	  15643.94	      2144	    105.23	1
356	  15725.17	      2680	    102.82	1
357	  15729.74	      2412	    100.72	1
358	  15808.69	      1876	    108.76	1
359	  15892.20	      2144	    115.54	1
360	  15896.76	      2680	    112.09	1
361	  15978.00	      2144	    108.71	1
362	  15982.56	      2680	    106.37	1
363	  16063.79	      3216	    103.82	1
364	  16068.35	      3752	    102.22	1
365	  16072.91	      3216	    100.69	1
366	  16149.59	      3484	     98.86	1
367	  16154.15	      3484	     97.87	1
368	  16158.71	      2948	     96.39	1
369	  16235.38	      3484	     95.09	1
370	  16242.22	      4020	     94.20	1
371	  16246.78	      3484	     93.43	1
372	  16321.18	      3752	     92.50	1
373	  16325.74	      3216	     92.19	1
374	  16332.58	      3752	     91.41	1
375	  16404.69	      3216	     99.74	1
376	  16411.53	      3216	     98.02	1
377	  16416.09	      2680	     97.14	1
378	  16490.49	      2680	     95.75	1
379	  16499.60	      3216	     94.78	1
380	  16574.00	      2948	    102.56	1
381	  16578.56	      3484	    100.74	1
382	  16657.51	      2948	    107.90	1
383	  16662.07	      2412	    105.53	1
384	  16741.03	      2680	    112.72	1
385	  16747.87	      2948	    109.25	1
386	  16824.54	      2680	    115.85	1
387	  16831.38	      2144	    112.61	1
388	  16908.06	      2680	    118.66	1
389	  16917.18	      3216	    114.58	1
390	  16991.57	      3752	    120.26	1
391	  16996.13	      4288	    116.22	1
392	  17002.97	      4288	    112.32	1
393	  17075.08	      4824	    118.03	1
394	  17079.65	      5092	    114.28	1
395	  17084.21	      5628	    110.99	1
396	  17088.76	      6164	    107.87	1
397	  17158.60	      5628	    113.89	1
398	  17163.16	      6164	    110.65	1
399	  17167.72	      5628	    107.82	1
400	  17172.28	      5360	    105.34	1
401	  17176.84	      5092	    103.67	1
402	  17244.39	      5092	    101.46	1
403	  17248.95	      5628	    100.03	1
404	  17253.51	      5360	     98.28	1
405	  17260.35	      5092	     96.99	1
406	  17327.91	      5628	    103.74	1
407	  17332.47	      6164	    101.78	1
408	  17337.03	      6164	    100.18	1
409	  17343.87	      5628	     98.91	1
410	  17348.43	      5092	     97.54	1
411	  17413.70	      4556	     96.10	1
412	  17418.26	      4556	     95.46	1
413	  17422.82	      5092	     94.78	1
414	  17431.94	      5092	     93.93	1
415	  17499.50	      5360	     92.94	1
416	  17504.06	      5896	     92.07	1
417	  17508.62	      6164	     91.81	1
418	  17515.46	      6700	     91.96	1
419	  17520.02	      6700	     91.59	1
420	  17585.29	      6700	     90.89	1
421	  17589.85	      6700	     90.78	1
422	  17594.41	      6164	     90.68	1
423	  17598.97	      5628	     90.60	1
424	  17603.53	      5360	     90.27	1
425	  17608.09	      5628	     89.99	1
426	  17671.09	      5092	     89.49	1
427	  17677.93	      4824	     89.30	1
428	  17684.77	      4824	     88.89	1
429	  17689.33	      4556	     88.53	1
430	  17754.60	      4020	     95.71	1
431	  17761.44	      3752	     95.00	1
432	  17768.28	      4020	     94.50	1
433	  17838.12	      3484	    101.31	1
434	  17844.96	      2948	     99.90	1
435	  17851.79	      3216	     98.66	1
436	  17928.47	      3752	     97.58	1
437	  17933.03	      3216	     96.50	1
438	  17937.59	      3752	     95.19	1
439	  18011.98	      3216	    103.29	1
440	  18018.82	      3752	    101.01	1
441	  18023.38	      3484	     99.63	1
442	  18097.78	      3216	     97.93	1
443	  18102.34	      2680	     97.06	1
444	  18109.18	      2144	     95.68	1
445	  18185.85	      1608	     94.72	1
446	  18269.37	      1072	    102.88	1
447	  18552.88	       804	    125.39	1
448	  18638.68	      1340	    120.47	1
449	  18724.47	      1876	    116.16	1
450	  18807.99	      1340	    122.77	1
451	  18893.78	      1876	    118.17	1
452	  18977.29	      2412	    124.65	1
453	  18981.85	      2948	    120.07	1
454	  19063.09	      2412	    115.81	1
455	  19067.65	      2948	    112.58	1
456	  19148.88	      3484	    109.14	1
457	  19153.44	      4020	    106.74	1
458	  19158.00	      3484	    104.78	1
459	  19234.68	      3484	    102.43	1
460	  19239.24	      2948	    101.00	1
461	  19243.80	      2412	     99.00	1
462	  19322.75	      1876	     97.62	1
463	  19406.26	      1608	    105.80	1
464	  19489.78	      1876	    113.45	1
465	  19573.29	      2412	    120.14	1
466	  19577.85	      2948	    116.12	1
467	  19659.09	      2412	    112.36	1
468	  19663.65	      1876	    109.56	1
469	  19747.16	      1340	    106.87	1
470	  19832.96	      1876	    104.13	1
471	  19916.47	      1876	    112.24	1
472	  19999.99	      1340	    119.09	1
473	  20085.78	      1876	    114.95	1
474	  20169.29	      1340	    121.83	1
475	  20255.09	      1876	    117.35	1
476	  20338.60	      2412	    123.81	1
477	  20343.16	      2948	    119.33	1
478	  20424.40	      3484	    115.17	1
479	  20428.96	      3484	    112.02	1
480	  20433.52	      3484	    109.27	1
481	  20510.19	      4020	    106.36	1
482	  20514.75	      4288	    103.81	1
483	  20519.31	      4824	    101.59	1
484	  20593.71	      5092	    108.89	1
485	  20598.27	      4556	    106.28	1
486	  20602.83	      4020	    103.99	1
487	  20607.39	      4288	    102.62	1
488	  20677.22	      4824	    109.54	1
489	  20686.34	      4556	    106.85	1
490	  20690.90	      4556	    104.49	1
491	  20695.46	      4824	    102.43	1
492	  20760.74	      4556	    108.75	1
493	  20772.14	      5092	    105.91	1
494	  20776.70	      4556	    103.42	1
495	  20781.26	      4020	    101.87	1
496	  20846.53	      4556	     99.88	1
497	  20855.65	      4020	     99.27	1
498	  20864.77	      4556	     97.86	1
499	  20869.33	      5092	     96.63	1
500	  20939.17	      4556	     96.18	1
501	  20943.72	      4020	     95.16	1
502	  20950.56	      4020	     94.01	1
503	  20955.12	      3484	     93.63	1
504	  21027.24	      4020	     92.93	1
505	  21034.08	      3484	     92.69	1
506	  21040.92	      4020	     91.73	1
507	  21110.75	      3752	     99.64	1
508	  21119.87	      4020	     97.81	1
509	  21124.43	      4288	     96.83	1
510	  21194.27	      4288	    103.98	1
511	  21203.39	      4288	    102.61	1
512	  21207.95	      4020	    100.78	1
513	  21212.51	      3484	     99.18	1
514	  21280.06	      4020	     97.53	1
515	  21291.46	      3484	     96.34	1
516	  21298.30	      2948	     95.05	1
517	  21363.58	      3216	    102.04	1
518	  21381.82	      2948	    100.54	1
519	  21386.38	      2412	     98.97	1
520	  21465.33	      1876	     99.35	1
521	  21548.85	      1340	    107.18	1
522	  21634.64	      1876	    104.53	1
523	  21718.15	      1876	    112.72	1
524	  21801.67	      1876	    119.50	1
525	  21885.18	      1876	    125.44	1
526	  21968.70	      2412	    130.63	1
527	  21973.26	      2948	    125.31	1
528	  22054.49	      2412	    120.39	1
529	  22059.05	      1876	    116.72	1
530	  22142.57	      2144	    113.13	1
531	  22147.13	      1608	    109.99	1
532	  22230.64	      2144	    107.24	1
533	  22235.20	      2680	    104.83	1
534	  22316.44	      2144	    102.48	1
535	  22320.99	      1876	    100.92	1
536	  22404.51	      1876	     99.30	1
537	  22488.02	      1876	    107.89	1
538	  22571.54	      1608	    115.28	1
539	  22655.05	      2144	    121.75	1
540	  22659.61	      1608	    117.53	1
541	  22743.13	      1072	    113.84	1
542	  23026.64	       804	    134.98	1
543	  23310.16	       536	    153.61	1
544	  23395.95	      1072	    145.03	1
545	  23481.74	      1608	    137.65	1
546	  23565.26	      2144	    141.70	1
547	  23569.82	      2680	    134.98	1
548	  23651.05	      3216	    128.86	1
549	  23655.61	      2680	    124.00	1
550	  23660.17	      3216	    119.88	1
551	  23739.13	      2948	    115.89	1
552	  23743.69	      3484	    112.41	1
553	  23822.64	      2948	    118.61	1
554	  23827.20	      3484	    114.78	1
555	  23906.16	      4020	    120.81	1
556	  23910.72	      3484	    116.71	1
557	  23915.28	      4020	    113.12	1
558	  23989.67	      4556	    119.23	1
559	  23996.51	      4288	    115.08	1
560	  24001.07	      3752	    112.06	1
561	  24005.63	      3216	    109.31	1
562	  24075.47	      3752	    106.39	1
563	  24084.58	      4288	    104.09	1
564	  24091.42	      3752	    101.83	1
565	  24158.98	      3216	    108.23	1
566	  24163.54	      2680	    105.70	1
567	  24174.94	      2144	    103.74	1
568	  24247.05	      1608	    101.89	1
569	  24330.57	      1072	    108.66	1
570	  24614.08	       536	    130.58	1
571	  24699.88	      1072	    124.88	1
572	  24983.39	       536	    144.77	1
573	  25069.19	      1072	    137.42	1
574	  25154.98	      1608	    130.87	1
575	  25238.49	      1608	    135.64	1
576	  25322.01	      1608	    139.68	1
577	  25405.52	      2144	    143.10	1
578	  25410.08	      2680	    136.21	1
579	  25491.32	      2144	    129.93	1
580	  25495.88	      2680	    124.94	1
581	  25577.11	      3216	    120.07	1
582	  25581.67	      3484	    116.31	1
583	  25586.23	      4020	    113.15	1
584	  25662.91	      4556	    109.63	1
585	  25667.47	      5092	    106.68	1
586	  25672.03	      4556	    104.72	1
587	  25676.59	      4824	    102.88	1
588	  25748.70	      5360	    100.77	1
589	  25753.26	      4824	     99.55	1
590	  25757.82	      4556	     97.73	1
591	  25762.38	      4020	     96.76	1
592	  25766.94	      4288	     95.92	1
593	  25836.78	      3752	     94.93	1
594	  25845.90	      3216	     94.06	1
595	  25850.46	      2680	     93.30	1
596	  25920.29	      3216	    100.89	1
597	  25933.97	      3484	     99.28	1
598	  25938.53	      4020	     97.87	1
599	  26006.08	      4020	     96.39	1
600	  26019.76	      4288	     95.09	1
601	  26024.32	      4288	     94.58	1
602	  26089.60	      4288	    101.63	1
603	  26094.16	      4824	     99.92	1
604	  26105.56	      4556	     98.19	1
605	  26110.12	      4020	     96.66	1
606	  26175.39	      3484	     95.33	1
607	  26179.95	      2948	     94.66	1
608	  26193.63	      2680	     93.83	1
609	  26263.47	      2144	     93.10	1
610	  26277.15	      2412	     93.71	1
611	  26349.26	      2412	     92.75	1
612	  26362.94	      2948	     91.78	1
613	  26435.06	      2412	     91.06	1
614	  26446.46	      1876	     91.80	1
615	  26529.97	      1876	     92.08	1
616	  26613.49	      1608	    101.44	1
617	  26697.00	      1072	    109.76	1
618	  26980.51	       536	    131.42	1
619	  27066.31	      1072	    125.74	1
620	  27349.82	       536	    145.40	1
621	  27435.62	      1072	    137.97	1
622	  27521.41	      1608	    131.47	1
623	  27604.93	      1340	    136.17	1
624	  27690.72	      1876	    129.90	1
625	  27774.24	      2144	    134.91	1
626	  27778.79	      1608	    129.04	1
627	  27862.31	      2144	    123.91	1
628	  27866.87	      2144	    119.42	1
629	  27948.10	      2680	    115.25	1
630	  27952.66	      3216	    111.59	1
631	  28031.62	      2680	    118.27	1
632	  28036.18	      2144	    114.48	1
633	  28115.13	      2680	    120.55	1
634	  28121.97	      2680	    116.10	1
635	  28198.65	      3216	    121.84	1
636	  28205.49	      3752	    117.86	1
637	  28210.05	      3216	    114.25	1
638	  28284.44	      3752	    110.72	1
639	  28289.00	      4288	    108.26	1
640	  28295.84	      4288	    105.35	1
641	  28367.96	      4556	    111.81	1
642	  28372.52	      4824	    108.83	1
643	  28377.08	      4556	    106.23	1
644	  28381.64	      5092	    103.70	1
645	  28453.75	      4824	    101.48	1
646	  28458.31	      4288	    100.17	1
647	  28462.87	      4288	     98.28	1
648	  28467.43	      4288	     97.24	1
649	  28537.26	      3752	    104.59	1
650	  28544.10	      4288	    102.26	1
651	  28548.66	      4288	    100.23	1
652	  28620.78	      4020	    106.83	1
653	  28625.34	      3752	    104.47	1
654	  28629.90	      3216	    102.04	1
655	  28704.29	      3484	    108.78	1
656	  28708.85	      2948	    106.19	1
657	  28715.69	      2412	    103.66	1
658	  28792.37	      2948	    101.70	1
659	  28801.49	      3484	     99.74	1
660	  28875.88	      2948	    107.27	1
661	  28880.44	      2948	    104.86	1
662	  28959.40	      2412	    111.51	1
663	  28963.96	      2948	    108.57	1
664	  29045.19	      2948	    105.75	1
665	  29049.75	      2412	    103.78	1
666	  29128.71	      1876	    111.43	1
667	  29212.22	      2144	    117.88	1
668	  29216.78	      2412	    114.14	1
669	  29298.01	      2948	    110.62	1
670	  29302.57	      3484	    107.55	1
671	  29381.53	      4020	    114.73	1
672	  29386.09	      4556	    111.39	1
673	  29390.65	      4288	    108.46	1
674	  29465.04	      3752	    115.28	1
675	  29469.60	      4288	    111.87	1
676	  29474.16	      4824	    108.89	1
677	  29548.56	      5360	    115.03	1
678	  29553.12	      5896	    111.65	1
679	  29557.68	      5896	    108.69	1
680	  29562.24	      6432	    106.73	1
681	  29566.80	      6968	    104.89	1
682	  29634.35	      6432	    102.53	1
683	  29638.91	      6968	    100.96	1
684	  29643.47	      7236	     99.59	1
685	  29648.03	      6700	     98.52	1
686	  29652.59	      6700	     97.45	1
687	  29657.15	      6164	     97.15	1
688	  29720.15	      6164	     95.75	1
689	  29724.71	      5628	     95.03	1
690	  29729.27	      5092	     94.53	1
691	  29733.83	      5092	     93.34	1
692	  29740.67	      4556	     92.67	1
693	  29803.66	      4556	     99.34	1
694	  29812.78	      4556	     97.92	1
695	  29817.34	      4824	     96.68	1
696	  29826.46	      4288	     95.34	1
697	  29889.46	      4824	     94.18	1
698	  29898.58	      4556	     93.15	1
699	  29903.13	      5092	     92.89	1
700	  29912.26	      4556	     92.02	1
701	  29972.97	      4556	     98.77	1
702	  29984.37	      4020	     97.17	1
703	  29988.93	      4556	     96.28	1
704	  29998.05	      4556	     94.99	1
705	  30067.88	      4020	     94.99	1
706	  30072.44	      4556	     94.12	1
707	  30077.00	      4020	     93.48	1
708	  30151.40	      4556	    100.92	1
709	  30155.96	      4020	     99.31	1
710	  30160.52	      3484	     97.89	1
711	  30165.08	      3216	     96.66	1
712	  30239.47	      2680	     95.57	1
713	  30246.31	      3216	     94.38	1
714	  30322.99	      2680	    102.20	1
715	  30327.55	      2144	    100.43	1
716	  30406.50	      1876	    107.88	1
717	  30490.01	      1876	    114.77	1
718	  30573.53	      2412	    121.30	1
719	  30578.09	      2948	    117.13	1
720	  30659.32	      3484	    113.24	1
721	  30663.88	      4020	    110.34	1
722	  30668.44	      3752	    107.79	1
723	  30745.12	      3216	    105.07	1
724	  30749.68	      2948	    103.19	1
725	  30754.24	      3484	    101.66	1
726	  30833.19	      2948	     99.95	1
727	  30837.75	      3216	     98.46	1
728	  30916.71	      2680	    106.40	1
729	  30921.27	      2144	    104.10	1
730	  31000.22	      1608	    111.46	1
731	  31083.74	      1340	    117.78	1
732	  31367.25	       804	    138.56	1
733	  31650.76	       536	    156.61	1
734	  31934.28	       536	    172.54	1
735	  32020.07	      1072	    161.72	1
736	  32105.87	      1608	    152.13	1
737	  32189.38	      1072	    154.24	1
738	  32275.18	      1608	    145.71	1
739	  32358.69	      2144	    148.62	1
740	  32363.25	      2680	    141.04	1
741	  32444.49	      2680	    134.16	1
742	  32449.05	      3216	    128.77	1
743	  32528.00	      3752	    133.30	1
744	  32532.56	      4288	    127.63	1
745	  32537.12	      4824	    122.68	1
746	  32611.51	      5360	    127.59	1
747	  32616.08	      5092	    122.64	1
748	  32620.63	      4824	    118.31	1
749	  32625.19	      5360	    115.15	1
750	  32629.76	      5896	    112.26	1
751	  32699.59	      5360	    109.22	1
752	  32704.15	      4824	    106.57	1
753	  32708.71	      4288	    104.25	1
754	  32713.27	      3752	    102.22	1
755	  32717.83	      3752	    100.94	1
756	  32787.66	      4288	     99.32	1
757	  32796.78	      4020	     97.91	1
758	  32801.34	      3484	     96.67	1
759	  32805.90	      4020	     95.59	1
760	  32880.30	      3752	     95.26	1
761	  32887.14	      3216	     94.10	1
762	  32891.70	      3752	     93.59	1
763	  32963.81	      4288	    101.64	1
764	  32972.93	      3752	     99.56	1
765	  32977.49	      4288	     98.37	1
766	  32982.05	      4288	     97.45	1
767	  33056.45	      4824	     96.89	1
768	  33061.01	      4824	     95.90	1
769	  33065.57	      4824	     94.92	1
770	  33070.13	      4824	     94.05	1
771	  33139.96	      4556	    101.92	1
772	  33144.52	      4556	    100.18	1
773	  33149.08	      4288	     98.66	1
774	  33153.64	      4020	     97.33	1
775	  33225.75	      4020	     95.91	1
776	  33230.32	      3484	     94.67	1
777	  33237.15	      3216	     93.84	1
778	  33309.27	      3752	    101.61	1
779	  33316.11	      4288	     99.66	1
780	  33322.95	      3752	     97.82	1
781	  33392.78	      3752	    104.97	1
782	  33397.34	      4020	    102.85	1
783	  33406.46	      3484	    101.24	1
784	  33476.30	      2948	    107.84	1
785	  33480.86	      2680	    105.36	1
786	  33559.81	      2144	    111.31	1
787	  33564.37	      1608	    108.40	1
788	  33647.89	      2144	    105.85	1
789	  33652.45	      2680	    103.62	1
790	  33733.68	      3216	    101.42	1
791	  33738.24	      3752	    100.11	1
792	  33742.80	      3216	     98.85	1
793	  33819.48	      3752	     97.24	1
794	  33824.04	      3216	     96.46	1
795	  33828.60	      3216	     95.16	1
796	  33902.99	      2680	    103.26	1
797	  33909.83	      2144	    100.98	1
798	  33986.50	      1608	    108.11	1
799	  34070.02	      2144	    114.72	1
800	  34074.58	      2680	    111.38	1
801	  34155.81	      3216	    108.08	1
802	  34160.37	      3752	    105.82	1
803	  34164.93	      4288	    103.84	1
804	  34241.61	      3752	    101.61	1
805	  34246.17	      3484	    100.29	1
806	  34250.73	      3484	     99.00	1
807	  34325.12	      3484	    106.75	1
808	  34331.96	      3216	    104.03	1
809	  34336.52	      3752	    101.78	1
810	  34410.92	      3752	     99.68	1
811	  34417.76	      4020	     97.97	1
812	  34422.32	      4020	     97.10	1
813	  34494.43	      4556	    104.71	1
814	  34501.27	      4556	    103.00	1
815	  34505.83	      5092	    101.12	1
816	  34510.39	      5360	     99.48	1
817	  34580.23	      5360	     97.80	1
818	  34587.07	      5628	     96.32	1
819	  34591.63	      6164	     95.53	1
820	  34596.19	      6164	     94.97	1
821	  34600.75	      6700	     94.34	1
822	  34666.02	      6432	     93.30	1
823	  34672.86	      5896	     92.26	1
824	  34677.42	      5360	     91.98	1
825	  34681.98	      4824	     91.73	1
826	  34686.54	      4288	     91.52	1
827	  34691.10	      4556	     91.45	1
828	  34756.38	      4020	     91.27	1
829	  34765.50	      3484	     90.86	1
830	  34772.33	      3216	     90.25	1
831	  34839.89	      2680	     97.47	1
832	  34851.29	      2144	     96.04	1
833	  34923.40	      1608	    102.91	1
834	  35006.92	      1340	    109.42	1
835	  35290.43	       804	    131.24	1
836	  35376.23	      1340	    125.59	1
837	  35659.74	       804	    145.26	1
838	  35745.54	      1340	    137.85	1
839	  35831.33	      1876	    131.37	1
840	  35914.84	      2412	    136.08	1
841	  35919.40	      2948	    130.07	1
842	  36000.64	      3484	    124.56	1
843	  36005.20	      4020	    120.36	1
844	  36009.76	      4556	    116.57	1
845	  36086.43	      5092	    112.75	1
846	  36090.99	      5628	    109.90	1
847	  36095.55	      5092	    107.42	1
848	  36100.11	      5628	    105.36	1
849	  36169.95	      5360	    112.19	1
850	  36174.51	      5896	    109.17	1
851	  36179.07	      6432	    106.65	1
852	  36183.63	      5896	    104.32	1
853	  36188.19	      6432	    102.28	1
854	  36255.74	      6432	    100.24	1
855	  36260.30	      6968	     99.09	1
856	  36264.86	      6700	     97.95	1
857	  36269.42	      7236	     96.96	1
858	  36273.98	      7772	     96.09	1
859	  36278.54	      8308	     95.33	1
860	  36341.54	      8844	     94.16	1
861	  36346.10	      8308	     93.77	1
862	  36350.66	      8040	     92.80	1
863	  36355.22	      8040	     92.57	1
864	  36359.78	      8576	     92.25	1
865	  36364.34	      8308	     92.59	1
866	  36368.90	      7772	     92.89	1
867	  36373.46	      7772	     93.16	1
868	  36425.05	      8308	     99.89	1
869	  36434.17	      8576	     98.40	1
870	  36438.73	      8040	     97.10	1
871	  36443.29	      8040	     95.96	1
872	  36447.85	      7772	     94.97	1
873	  36452.41	      7236	     94.10	1
874	  36456.97	      7772	     93.33	1
875	  36461.53	      7504	     92.67	1
876	  36510.85	      8040	     91.71	1
877	  36522.25	      7504	     91.25	1
878	  36526.81	      6968	     90.84	1
879	  36531.36	      6432	     90.48	1
880	  36538.21	      6432	     89.92	1
881	  36542.76	      5896	     89.93	1
882	  36547.32	      5628	     89.44	1
883	  36594.36	      5896	     94.89	1
884	  36610.32	      5360	     94.03	1
885	  36617.16	      5092	     93.02	1
886	  36626.28	      4556	     92.39	1
887	  36633.12	      4824	     91.59	1
888	  36677.87	      4288	     96.40	1
889	  36700.67	      3752	     95.60	1
890	  36712.07	      3216	     94.40	1
891	  36716.63	      2948	     93.85	1
892	  36784.19	      2412	     95.49	1
893	  36800.15	      2948	     94.56	1
894	  36869.98	      3484	     93.36	1
895	  36883.66	      2948	     94.06	1
896	  36888.22	      2412	     93.31	1
897	  36967.18	      2948	     93.89	1
898	  36974.02	      3484	     92.91	1
899	  37050.69	      4020	    101.54	1
900	  37055.25	      3484	     99.85	1
901	  37059.81	      3216	     97.99	1
902	  37134.21	      2680	    105.75	1
903	  37141.05	      2144	    103.28	1
904	  37217.72	      2680	    110.12	1
905	  37226.84	      2144	    106.98	1
906	  37301.23	      2680	    113.61	1
907	  37312.63	      3216	    110.15	1
908	  37384.75	      3752	    116.14	1
909	  37389.31	      3216	    112.62	1
910	  37398.43	      3484	    109.29	1
911	  37468.26	      4020	    115.13	1
912	  37475.10	      3752	    111.49	1
913	  37484.22	      4288	    108.30	1
914	  37551.78	      4288	    113.89	1
915	  37558.62	      4824	    110.90	1
916	  37563.18	      4288	    108.04	1
917	  37570.02	      3752	    105.28	1
918	  37637.57	      4288	    102.87	1
919	  37642.13	      4824	    101.39	1
920	  37653.53	      4556	     99.97	1
921	  37658.09	      4020	     98.47	1
922	  37723.37	      3484	     96.91	1
923	  37727.93	      2948	     96.05	1
924	  37741.61	      3484	     95.04	1
925	  37811.44	      2948	     94.16	1
926	  37816.00	      3484	     93.52	1
927	  37894.96	      3752	    100.95	1
928	  37899.51	      4288	     99.33	1
929	  37904.07	      4824	     97.92	1
930	  37978.47	      5360	    105.93	1
931	  37983.03	      4824	    103.81	1
932	  37987.59	      4556	    101.83	1
933	  37992.15	      4824	    100.73	1
934	  37996.71	      5360	     99.64	1
935	  38066.54	      5896	     98.18	1
936	  38073.38	      5628	     96.66	1
937	  38077.94	      5092	     95.83	1
938	  38082.50	      4556	     95.10	1
939	  38087.06	      5092	     94.59	1
940	  38150.06	      5092	    102.01	1
941	  38161.46	      4824	    100.26	1
942	  38168.30	      4824	     98.48	1
943	  38172.86	      4288	     97.42	1
944	  38233.57	      4824	    103.49	1
945	  38244.97	      4288	    102.31	1
946	  38251.81	      3752	    100.77	1
947	  38258.65	      3484	     98.92	1
948	  38317.09	      3216	    104.68	1
949	  38335.33	      3752	    102.97	1
950	  38344.45	      3216	    100.85	1
951	  38402.88	      2680	     98.87	1
952	  38418.84	      2412	     99.13	1
953	  38486.40	      1876	    104.49	1
954	  38569.91	      2412	    110.31	1
955	  38574.47	      1876	    107.52	1
956	  38657.99	      2412	    105.08	1
957	  38662.54	      1876	    102.94	1
958	  38746.06	      1876	    101.20	1
959	  38829.57	      1340	    109.42	1
960	  38915.37	      1876	    106.50	1
961	  38998.88	      1340	    114.31	1
962	  39282.40	       804	    135.52	1
963	  39368.19	      1340	    129.33	1
964	  39453.99	      1876	    123.79	1
965	  39537.50	      2412	    129.44	1
966	  39542.06	      2680	    124.39	1
967	  39623.29	      3216	    119.59	1
968	  39627.85	      3752	    115.89	1
969	  39632.41	      4288	    112.65	1
970	  39709.09	      4824	    109.32	1
971	  39713.65	      5360	    106.91	1
972	  39718.21	      5360	    104.92	1
973	  39722.77	      5896	    103.05	1
974	  39792.60	      5360	    110.17	1
975	  39797.16	      4824	    107.40	1
976	  39801.72	      4556	    104.97	1
977	  39806.28	      4824	    102.85	1
978	  39810.84	      5360	    101.50	1
979	  39880.68	      4824	     99.81	1
980	  39887.52	      4288	     98.08	1
981	  39889.76	      3752	     96.82	1
